10000
92
-91
99
-5
-3
-56
-71
-88
59
79
-59
-41
-35
1
88
1
-46
56
-89
-58
37
12
-81
45
74
19
1
74
-17
65
27
3
37
-67
48
-57
-18
-47
82
-13
-44
-62
-49
51
20
-68
40
99
43
70
97
-15
64
-67
41
58
-62
61
16
29
79
-64
41
-20
25
12
69
88
-52
-74
36
-93
-93
6
-43
44
-83
-52
-42
66
18
-52
-79
43
-32
1
-100
30
-74
-16
64
89
-40
-86
-73
13
-29
-40
54
-52
18
-13
-60
60
-4
46
46
83
-29
-69
-29
-54
-30
-2
57
-31
-100
-100
76
-62
84
-26
-61
-2
-29
16
88
12
45
-77
95
65
23
-79
-58
-14
49
55
89
61
25
23
-77
-68
87
74
-98
-100
84
17
-53
28
-21
64
-47
93
-56
98
21
-44
-83
11
7
-1
-63
-20
-71
47
-74
67
1
69
-68
69
-94
33
-47
65
-97
33
77
-13
-99
60
81
-54
40
58
-93
-7
64
-89
-25
-78
-41
42
91
-68
82
-10
-47
-66
-23
54
56
-89
-33
-26
-100
87
65
51
-1
-86
4
-64
34
46
-37
89
-6
80
60
-89
-24
-20
41
-72
-68
78
44
44
-83
63
1
12
-5
-81
0
-42
50
100
-21
83
-90
41
-47
12
-31
-63
-50
78
56
-32
-99
-78
1
-3
16
89
-76
-63
25
83
3
-3
-79
98
-88
-62
-91
88
-47
24
19
56
-36
74
8
-36
-99
-52
32
53
51
-71
-34
-2
56
93
-82
11
94
-87
-74
-94
-93
49
1
0
-48
63
-89
-8
90
23
-39
45
14
34
-44
92
96
-3
82
-94
-68
70
6
86
63
-69
35
-73
-73
41
22
-20
18
47
62
28
84
-13
-74
-86
80
-37
28
37
-96
37
-84
55
-67
-36
86
80
13
2
-58
78
-59
17
-88
-58
-64
-28
22
3
-29
41
19
-84
69
-22
-6
66
16
66
-25
-28
61
74
77
-57
-8
-13
90
45
-73
-10
-42
41
92
87
-71
-55
-80
70
27
70
48
-50
-29
98
-72
82
30
-52
87
-84
64
67
-32
-28
-66
-34
-11
57
86
-54
41
18
-38
-20
45
-31
90
-93
-75
32
45
-55
-24
-30
78
-17
36
35
21
88
47
95
-10
-92
34
-38
-58
36
60
-51
-40
-50
-59
16
31
-5
-19
-7
-16
96
-90
-5
-26
-2
92
-24
-29
93
79
49
83
53
-27
-35
44
-78
47
-66
-74
63
34
86
11
45
-71
44
-94
68
60
99
100
53
-17
13
-8
69
-82
-58
76
50
-44
12
-91
-1
27
77
-50
11
-52
38
2
-1
14
-50
45
-73
-49
83
67
46
-91
-42
12
72
1
-26
-45
34
62
-59
-2
-15
88
92
-18
94
-20
83
38
-88
-7
-51
64
-1
-51
-14
-29
-21
-75
-88
-80
-9
90
-47
-68
92
82
-51
85
68
88
8
43
94
-96
98
57
-25
-75
15
-1
-47
59
-14
63
-4
63
-60
20
32
-95
-90
35
-78
-40
-96
-18
-92
-17
-76
40
52
-56
-44
-1
-78
-38
11
83
28
-5
-82
30
-77
-20
-53
-16
97
-71
87
-84
-63
-100
41
11
-90
-33
-73
36
-38
77
58
66
46
24
7
47
-23
-54
50
66
-26
-62
-34
23
-70
-98
19
68
-34
-49
-88
-31
31
-80
-81
-7
97
-46
-16
19
28
72
-68
-21
82
-5
28
-15
67
52
-6
65
-97
-82
11
-69
47
3
32
72
41
65
63
-92
-10
-77
-68
-24
94
23
27
-36
-76
96
-85
64
47
-40
-86
-80
96
-17
-80
-73
-52
16
-42
-51
-26
42
92
-40
14
-76
-47
-44
8
1
5
38
-51
41
97
65
75
64
-34
60
-27
-91
-61
11
34
90
-40
-3
36
41
-75
-42
-60
10
93
27
-40
-15
44
79
55
0
-14
19
-3
40
18
100
-53
98
29
22
14
-41
-44
66
-23
-51
-71
73
68
25
65
-52
10
-67
-24
-100
21
53
-36
-70
13
-24
-30
88
-89
-32
-39
31
-20
-67
84
-73
-70
7
-64
30
6
-42
-67
-40
-5
42
-73
40
32
38
53
-52
2
-61
52
-58
50
-95
-36
-3
49
46
27
56
-60
99
54
-93
-47
88
99
-100
65
-39
-67
-78
17
52
69
-56
9
74
95
26
-84
-80
51
45
-27
90
-23
92
-82
-83
45
63
-63
50
14
-36
-6
-26
10
-40
-41
63
81
-75
17
-74
31
-86
-34
-17
80
-30
-73
-28
-64
-13
21
-65
-15
-94
-3
-27
22
-79
-29
51
-59
-33
-55
48
0
24
43
69
27
-54
-75
63
63
30
19
-26
82
7
25
62
67
-27
43
79
-64
-65
33
25
69
74
-79
28
-53
-84
-54
92
48
97
75
52
86
-38
96
52
46
-27
7
3
-85
-42
37
-3
-46
69
-93
9
-39
100
-63
-54
96
99
72
98
-68
-78
-19
48
34
94
-8
46
-77
5
22
-12
16
-21
-78
11
-99
18
-20
-41
89
52
-73
90
-65
49
-16
-59
-99
70
-99
47
9
29
-95
-38
-66
26
42
57
2
-43
-98
-20
52
20
86
28
82
90
-12
-19
82
-95
33
-13
-45
87
-23
-80
-89
83
91
-96
-88
87
18
82
50
99
-77
14
54
-60
-4
-71
-94
-34
61
77
-45
-92
78
-64
67
-59
-63
15
-22
-8
80
-71
29
95
19
98
-33
-70
-58
100
-52
46
7
40
93
31
-31
25
28
-48
-77
-53
-89
65
-8
47
78
85
-56
-55
-10
33
53
-68
53
-96
-28
45
8
-11
-76
-38
46
-65
87
-34
-18
90
100
21
58
83
76
8
-28
-60
-100
-6
-50
-26
99
-22
-26
-36
34
15
41
87
-73
-10
-68
5
-69
-59
12
47
-19
88
-35
-22
88
23
-85
-80
65
87
95
-2
-78
-42
84
-41
-17
-34
63
27
71
-52
22
-85
-73
26
-69
91
72
-94
68
43
45
90
15
82
12
-16
23
55
94
-75
83
86
-69
90
-51
-57
59
-21
80
70
68
-59
-33
-6
-70
41
-40
16
55
-87
99
-9
-90
65
2
-37
-84
-59
-57
92
-68
43
-84
-90
84
-18
14
39
52
89
61
49
-83
54
99
54
-62
-63
65
24
-68
-12
-96
-24
28
-59
-80
98
9
59
96
5
71
6
-7
-54
-41
7
44
90
-63
-37
-4
82
-75
26
-62
90
-58
-84
-40
-82
10
-5
3
-39
72
29
88
-88
-67
-80
-61
-91
-42
89
12
-59
40
-46
91
-36
-29
25
36
14
-23
21
-21
-89
-97
23
-26
-8
94
-52
2
75
-16
-38
69
53
-30
7
3
-87
17
-24
-34
95
-24
7
14
-1
-42
-27
89
-69
-24
48
-32
29
-70
46
18
-98
0
-89
-56
15
2
-67
-47
-86
43
47
65
-69
57
26
-93
-60
20
49
16
-27
87
93
-80
-36
89
17
67
37
-48
84
58
-75
-6
23
-93
35
47
78
70
27
-10
-88
63
20
-90
50
38
-61
-81
-90
-66
61
-8
11
-46
-15
-32
91
-14
-9
-1
97
-100
83
-82
-41
-70
12
17
90
17
88
69
-98
87
-62
78
86
-67
9
73
-42
-13
-9
24
-90
95
38
-63
-28
-45
-98
64
-74
14
95
8
37
69
15
7
-66
69
-44
48
-18
-54
-22
-74
-8
-29
-33
-31
-45
71
-45
-35
97
-41
-38
-28
74
-51
-3
-76
-97
31
-94
27
-4
22
-10
79
90
-48
13
-19
6
-18
-16
-45
66
35
-93
-70
-56
-43
-57
88
14
6
83
72
21
36
-27
-61
76
-19
-82
15
22
4
69
34
100
-34
65
99
-42
88
90
-46
-66
-34
20
43
87
61
-28
-33
72
56
-40
-8
-88
78
99
-83
-90
-87
-99
-36
86
-76
-68
70
57
65
54
-45
-76
40
52
-93
-4
0
-59
58
77
72
48
74
40
24
-1
-87
90
-1
-62
-8
-12
-4
-61
-69
2
62
-58
-62
58
35
-9
-69
17
81
-8
-51
29
35
6
59
-98
23
-38
40
-16
-54
-83
51
-32
95
-76
44
-81
47
95
-7
-63
83
-73
-11
-39
-95
50
2
70
88
11
41
69
-59
94
33
-97
69
7
-20
79
97
36
87
2
-42
9
27
58
52
-87
7
-91
-63
30
40
39
-53
-56
62
46
-45
-72
-34
5
70
100
55
-21
-23
48
54
-21
-9
89
48
-13
45
-9
57
89
48
53
-82
41
77
77
66
-61
-99
9
71
24
86
-32
-90
44
-9
24
-49
-24
-7
-67
-78
0
90
6
12
-91
-96
100
37
-5
-71
42
52
-22
-27
-35
8
91
-71
-6
-44
81
23
57
18
-63
98
-67
-77
-52
-89
31
-4
8
34
89
53
-96
46
-52
7
34
-69
-51
49
13
-74
-99
10
-18
-25
41
58
44
100
-74
-95
-61
13
-12
6
82
-71
-41
-79
-56
82
7
-67
80
31
13
98
19
-44
27
-54
67
95
11
-3
79
-40
-25
68
-99
-25
52
-63
-92
3
-62
18
-8
-57
24
-84
-26
52
30
59
-67
-11
-76
91
81
-80
92
25
75
-93
98
5
-3
4
48
-21
-56
-16
17
-10
34
-72
60
-48
87
-53
19
85
-6
26
70
51
-7
-70
-12
11
37
32
-46
99
-33
71
-99
-91
62
-15
19
-8
-96
41
86
-85
47
69
76
-14
-11
52
-8
24
11
-66
-50
-66
-66
28
95
-10
-36
-79
20
-29
80
-7
-57
51
60
18
-72
-61
10
-79
67
39
95
51
-44
-57
-37
-39
-85
-33
-34
19
-47
65
87
-95
60
62
-88
-69
2
11
-3
1
-86
37
-62
-95
33
-34
-90
73
-51
-82
-72
-32
-19
-79
-38
-33
-65
-33
85
65
-87
-71
95
99
-21
88
-82
-53
14
26
-64
-83
-43
64
-9
-55
90
-99
-70
-85
-50
-65
-10
-97
-6
84
-53
61
39
-57
80
-62
23
36
96
-55
28
11
0
54
3
65
33
10
-65
-33
-46
-81
-2
-98
76
-73
54
-79
-8
44
-41
-41
74
-80
-46
-58
-92
-51
-36
82
78
94
60
87
-27
-79
-43
-68
73
-20
70
-58
-4
-36
40
40
21
-13
11
-26
69
-58
88
34
-64
-50
-30
44
45
81
-74
47
-30
63
61
-98
23
-61
60
23
37
4
18
-33
-70
18
1
22
-40
-97
-36
-45
94
17
85
-4
73
-30
20
23
-54
72
95
85
-43
-21
-1
-23
-78
-54
-87
-98
30
27
-5
-84
-55
4
62
39
62
3
80
91
3
58
99
14
45
56
-74
18
38
59
-50
-97
-64
-14
14
55
98
-19
-31
-63
-27
-73
-34
-21
-72
73
74
38
71
52
-80
55
81
-28
-25
6
70
60
-16
36
-84
72
-63
100
-63
91
68
-56
51
-87
50
-58
62
-9
-87
73
27
15
-37
7
17
-2
-11
50
-13
43
70
41
15
49
25
-33
98
55
78
8
-41
4
-5
66
-22
92
-74
-68
75
-83
99
-28
-14
58
-49
1
-60
28
26
62
-48
-65
20
92
62
-68
-80
-60
7
-41
-57
38
-97
90
13
-17
-17
52
67
-62
59
25
-86
22
8
95
84
-71
-69
-66
14
-21
-75
42
-63
-96
-43
-20
37
-93
-45
29
25
57
44
-81
0
52
-97
50
64
66
-94
44
-92
-97
78
-98
34
20
52
1
-74
52
-96
64
35
92
33
-2
-31
43
69
-66
8
80
83
-82
-88
-70
31
-73
69
-95
-97
-57
-91
-20
35
-54
-11
-76
48
-77
-33
-30
64
19
59
-4
6
-67
-42
-49
-64
72
82
29
72
-65
8
-7
47
49
-29
-9
-63
35
-68
35
-71
-91
46
-8
27
78
62
-82
79
-41
90
-68
93
-16
29
-64
49
60
-84
22
98
-23
64
-20
61
-8
90
88
77
-68
48
-59
52
-2
-70
-74
1
-75
1
-71
-54
-92
5
24
-26
90
92
-74
61
-80
-22
-17
15
0
62
17
36
-39
38
-93
58
77
51
-11
7
36
-7
33
-21
-31
-61
55
93
-37
8
-67
-21
67
-32
-47
26
-36
62
-89
-19
80
38
-61
4
61
50
-32
-19
-75
62
83
21
14
10
-87
-64
80
-8
-35
-10
34
-5
54
49
59
-97
78
-49
5
-37
-86
-84
-67
-48
-69
-54
48
-12
93
-41
-67
66
-36
-8
-73
-96
-22
55
-45
90
-68
84
-91
52
73
-2
51
48
75
-33
20
-2
11
-48
89
-50
36
-65
45
58
-71
94
-96
-85
-60
-61
29
71
-59
57
63
-59
35
83
-81
29
-82
-54
-25
-21
46
-99
11
52
100
-64
-6
68
-50
-16
-24
-98
-67
-71
-16
1
22
21
-1
4
92
-82
17
42
15
95
37
85
-34
-77
64
-19
88
10
15
-49
-5
-83
3
41
98
-60
-21
99
61
-87
-12
43
-79
6
-19
7
-69
29
-16
92
77
-34
-80
0
94
-26
-48
92
-12
9
71
33
-73
-91
-65
-52
8
65
69
65
18
-54
12
-3
77
-47
-47
-32
74
-55
-95
-85
0
85
-19
26
4
16
-28
76
-31
44
-73
-8
89
-62
49
99
-1
46
78
55
14
-25
57
90
-41
59
81
-86
79
29
16
-73
-17
86
-55
25
67
28
-37
60
-11
-99
62
59
46
-59
-69
6
76
-99
48
53
39
53
45
13
-44
-52
-76
86
-75
31
100
50
-62
86
60
44
-77
1
33
-77
52
-51
-25
80
32
41
-21
-70
-96
82
39
60
57
-71
66
91
24
75
80
-32
20
52
-31
-36
-98
58
-42
-6
8
-93
-29
15
58
-98
83
36
-28
61
-57
-71
4
15
15
-74
-69
-10
98
53
-3
97
56
56
-15
-10
92
28
6
43
-33
-13
81
63
-4
-19
-46
-48
-29
-43
88
51
3
67
7
-43
52
-27
14
-28
21
-31
86
-98
40
-43
57
42
4
44
99
-17
-86
76
-33
38
-61
47
-28
-23
-16
99
-62
97
3
44
-26
65
-48
-66
94
-98
92
21
15
63
-80
65
-70
37
38
-53
57
62
-18
70
-27
30
13
40
-94
25
-17
42
-69
29
-4
86
31
-83
68
40
-2
31
52
67
10
-22
-34
65
-26
94
-55
-60
-96
68
-65
-38
57
-25
-67
96
17
27
25
88
28
-53
17
-19
-30
-70
-96
83
57
-83
-85
-58
-11
16
-26
-7
65
-20
19
82
97
44
-29
-93
30
81
-24
75
-24
-24
-69
77
-67
-100
-4
16
56
97
-72
-85
-16
-88
-2
-51
17
-17
-60
57
8
-68
-53
-49
-17
13
77
-97
39
-69
-83
-32
68
-86
-22
63
-11
-92
49
-91
54
-17
-74
-10
-34
2
7
-21
68
63
84
-3
-2
-67
-7
-73
-21
-6
-75
-2
87
-77
-16
-89
29
-93
97
-27
24
93
10
94
-71
-93
-9
-87
11
100
-24
95
-63
-1
-17
-62
88
-95
-99
11
54
57
-27
-31
-63
68
-68
-59
-18
87
-44
-89
96
83
-99
-22
69
73
46
81
-78
-53
53
95
-12
-90
7
-2
-95
54
42
53
67
66
79
22
-96
-2
-83
-6
-44
45
93
-17
50
-72
29
80
20
-69
64
-83
-32
-6
-97
-33
57
-78
-78
81
-21
47
12
66
-18
15
-7
-67
80
8
-40
81
32
34
89
60
-34
-67
-22
-8
36
-62
41
-26
64
82
5
-57
95
-36
4
88
-50
69
-1
-81
89
-57
32
-11
-22
-65
-95
22
-79
-40
80
80
-80
-64
-51
15
35
-81
50
9
-83
23
24
-76
15
-3
-50
24
-14
9
72
2
-51
-99
13
-47
99
-60
-7
-67
5
-49
-40
67
19
-97
-65
-50
32
45
57
90
-31
69
-98
-11
80
-43
73
28
60
65
88
-45
52
20
88
66
90
39
-4
20
4
-51
1
53
-8
-20
46
26
-46
-47
83
-46
-21
-19
-1
14
-29
5
-98
70
87
70
7
-3
-12
39
-87
-28
-44
65
16
-65
44
-67
54
-33
45
-74
3
-64
-99
13
98
-87
76
-52
-61
24
51
-61
45
12
18
-64
27
-99
-11
-85
-31
2
-85
15
-27
-68
40
17
88
-63
-4
75
65
-99
-55
-32
75
3
63
74
69
-97
82
52
-26
-44
-80
-51
-75
47
-85
-20
94
87
-10
46
-98
26
65
20
47
-34
4
20
4
-82
-36
-48
-14
-48
-56
-97
-18
93
-84
0
49
50
-75
58
88
-48
-3
3
79
97
-69
64
-42
20
-62
54
65
80
57
-31
-30
-52
-25
-30
-31
37
-51
63
-15
8
-90
-26
73
-10
-46
-48
97
-1
41
-54
55
-83
32
17
82
26
-80
-57
56
-83
65
74
20
76
-65
-41
88
16
49
81
23
-95
-53
35
-30
7
46
-45
-14
74
36
38
66
-80
-21
-29
45
-99
79
-52
-16
-90
100
-18
-2
-88
-79
67
-68
75
-41
99
-74
6
-71
-98
68
31
-22
71
-61
-27
-15
-79
-34
39
-71
-80
-1
-96
-59
-40
-66
61
-15
-93
55
35
50
-66
-47
-95
-62
-99
11
-76
-8
36
-46
53
-72
-27
-39
-44
65
-7
-88
82
-55
41
-29
-46
-87
-88
89
37
56
76
-22
-36
3
84
-46
-76
82
-60
-97
51
59
17
-64
77
-76
60
96
17
-21
38
-57
-66
-93
17
17
-91
75
-55
-25
-10
-29
92
-59
-8
0
37
-98
56
-3
-87
9
21
7
-36
-60
-100
-67
-98
-26
-6
-73
13
67
-39
-49
33
-83
37
20
-28
-23
12
9
-21
-26
-29
88
99
-39
-16
-30
-67
1
32
66
-89
-85
83
-41
-25
70
65
90
-46
21
92
-15
39
-99
-72
65
25
45
-16
-96
95
34
15
18
78
29
-57
38
7
-24
-59
87
91
-67
54
47
40
-30
-100
95
84
-51
89
-86
77
14
-69
49
2
-36
-99
84
-31
-34
31
-57
-49
100
39
2
11
31
-26
-28
26
-51
-11
-73
32
-45
12
83
-41
32
9
56
38
-54
-59
-23
-32
79
18
-81
22
-6
-68
80
-73
27
-73
-79
-34
1
11
8
55
-71
-82
61
-66
-4
44
-90
-29
-92
-48
-14
-15
-12
-33
-99
93
21
2
-14
65
73
-70
31
65
96
41
94
89
-27
-46
-7
3
20
92
14
21
-59
13
-28
96
85
74
2
-61
-15
10
-29
25
61
87
-78
-84
51
59
89
25
-63
69
32
38
-52
37
-52
-22
66
-31
59
28
55
19
70
-8
65
57
55
-59
-42
-1
25
-3
76
-18
29
-68
77
36
71
47
5
87
82
-1
-48
-54
-66
16
73
-62
-50
47
5
-40
-74
55
8
35
13
70
93
46
-75
-79
47
-88
47
36
-4
-20
-61
-75
7
-100
35
49
100
65
78
-5
-82
-35
29
12
-96
-16
-18
-90
32
17
45
-79
90
-34
-77
39
65
-44
-87
74
-36
57
-25
-61
-46
24
-48
58
-94
-52
-43
47
-76
28
-33
-72
95
-83
10
-87
-7
-28
-36
44
-79
-99
-44
-97
-23
10
69
32
53
26
-91
26
93
8
24
42
45
26
60
-86
-57
-87
100
-95
-81
-68
-34
24
-38
-92
85
87
65
72
11
70
81
47
-98
33
87
-79
72
-49
83
-4
30
55
-46
87
-41
-56
-2
52
-59
13
-97
54
51
78
50
48
-65
54
-74
-66
-97
-58
36
-59
35
97
72
-39
-79
40
-13
-35
-82
-79
2
-85
9
-46
-93
11
-38
-77
83
-26
8
77
87
-39
-25
-46
-4
74
13
68
76
7
43
97
45
60
24
-24
-5
-40
-40
-97
70
-50
37
99
32
-1
-28
3
88
-95
-100
5
-83
40
74
-73
-69
-61
-91
-60
-70
-24
86
-15
92
80
39
79
-76
52
66
57
-26
26
72
-64
-48
-71
83
36
-33
-93
-16
37
-34
67
-9
-18
-17
-99
40
-84
38
18
36
28
-19
81
-42
51
-17
-62
-5
35
-33
-81
92
13
-74
-27
37
-53
84
-46
-70
67
100
-72
25
-86
-28
89
19
96
-74
-57
7
56
-29
-77
27
-52
38
58
14
-33
71
4
35
39
-82
-33
-41
39
77
-10
83
47
59
-64
-19
71
-76
-50
-16
-3
100
13
55
-99
-48
100
64
-62
-37
89
-25
47
-94
19
21
-49
83
-31
27
-56
-22
69
33
-79
93
-43
-54
55
-61
-68
27
-73
48
-12
6
60
80
-34
50
-21
-95
-74
67
69
-40
-58
54
-86
-2
25
-8
2
65
-2
-66
-6
-73
78
71
-79
-96
-81
-72
-13
-16
98
-33
89
73
-59
-75
43
11
49
-49
-29
-88
-83
-66
49
-71
-8
-57
56
26
20
21
-42
54
20
-37
40
-3
53
5
-90
-27
69
-2
-4
5
-21
-76
36
74
-94
-28
94
73
-86
61
92
84
47
-40
-8
-9
90
23
-74
100
79
64
62
-81
47
-58
-39
16
-16
-96
47
-32
23
51
-92
69
48
-51
-30
-58
7
10
-79
6
96
6
-13
83
47
90
39
-39
13
100
36
-100
69
-76
-38
-46
19
87
-52
62
-72
-41
-69
-88
-87
-37
43
10
26
74
-13
13
-85
15
49
-69
45
33
-69
34
72
2
64
87
0
-18
59
-24
-13
-71
-70
68
56
-52
31
69
-12
72
92
-34
45
-5
41
42
-31
-24
72
-6
-92
-12
44
10
41
-22
100
36
-21
71
-47
65
-15
32
-33
-44
51
-94
4
-55
22
-91
-90
-92
47
-17
93
15
49
4
-88
-38
-91
-75
-68
18
-96
-66
-77
-74
-68
-95
-59
-96
67
-40
63
-81
-97
-18
-45
94
31
-61
78
-37
-42
-76
-74
-2
-86
-30
-32
44
-93
14
98
-37
13
-24
87
-86
52
2
-77
26
93
-5
-14
53
87
-8
100
-5
-16
-71
42
93
-78
-23
-92
74
-53
25
25
-20
69
-73
96
-38
54
-93
-74
4
-92
-37
91
-35
-46
45
41
63
56
-53
-8
67
-2
11
-38
-2
77
-67
-24
-33
-26
77
-78
30
-65
84
80
90
89
-7
-77
32
100
-98
-90
-91
85
-58
2
86
-6
52
-48
-5
-59
97
-25
56
-96
-12
44
-73
-18
74
14
-77
19
42
63
-8
1
-35
15
-35
-34
-56
-73
31
97
92
-90
94
31
-61
-55
50
-16
-9
8
-39
34
67
-34
-50
78
-88
-67
-5
-6
80
56
-97
85
-10
25
-60
29
43
-3
65
-19
-3
37
67
27
52
89
-90
-56
69
-77
-12
-54
-78
-99
-20
56
29
-34
9
59
-100
67
15
-44
26
40
-96
-42
-82
-54
-96
-76
97
-62
63
32
75
19
-19
64
54
3
18
-57
50
15
-14
-8
55
-70
42
-24
33
-79
100
65
91
53
29
-73
32
24
-90
80
-66
98
83
8
63
-54
-90
-16
-69
86
6
-22
2
23
66
-95
-47
-93
-91
38
30
-32
-83
54
-64
1
-91
-99
68
39
-29
-53
34
74
-73
78
-23
34
-10
-43
62
82
72
1
64
71
33
-100
19
58
16
39
52
-1
-8
80
28
91
-37
-86
32
64
-43
56
54
-96
82
-23
58
45
-4
86
-15
-36
21
89
81
0
-75
20
-9
-96
-30
21
39
-68
-87
-3
-100
-30
-44
19
45
-25
23
51
-58
2
100
-43
-62
-44
-90
91
90
-4
55
-35
59
38
2
-38
89
-32
70
56
93
-13
-1
63
82
-78
-50
-36
23
-79
-11
-27
-93
4
92
94
-74
-17
-36
-54
70
61
49
-81
10
-56
14
78
-50
94
96
-57
-40
95
-48
-10
-98
88
56
-93
47
-3
29
12
-73
9
80
100
-37
-60
97
10
36
-31
100
16
-65
-17
-46
98
-66
78
-44
85
81
-14
-11
-89
-47
41
42
-58
84
-53
24
-13
48
-20
-75
-80
-1
16
22
7
-100
-17
88
-24
-70
-38
-53
87
39
0
-86
-52
49
-81
2
-78
1
-60
-18
14
45
37
48
73
62
55
0
-93
70
-22
99
73
36
99
81
-52
28
-48
13
76
-24
-82
-88
-4
44
-81
20
-44
-40
37
71
-47
-32
24
22
-100
-55
51
58
-24
89
-76
28
27
10
-56
83
-1
-2
-83
-73
-59
-99
10
38
51
65
56
22
39
30
10
17
49
13
-15
13
-84
-52
-44
66
-66
94
63
-2
0
9
16
75
-3
-27
26
43
94
-83
58
-30
-19
-97
-38
99
-52
96
35
-69
86
66
17
-73
80
-93
87
-23
25
-7
-57
-33
70
25
-36
93
22
80
-97
-64
15
-20
-85
-64
-18
11
47
-7
81
37
86
-41
-62
-59
-44
-76
-71
-13
-1
-71
-91
15
47
82
-6
-41
24
89
42
-40
0
4
-88
70
-82
19
-62
87
-54
-22
17
93
-86
86
-29
60
-37
4
61
-53
5
-32
2
14
-56
2
59
-33
-71
34
-82
30
-67
-17
-45
78
-23
28
-34
72
91
55
-78
21
42
-27
-92
-80
-65
43
-65
4
-79
34
49
25
-90
85
-89
38
-77
-87
16
13
29
-13
56
26
54
53
-28
-43
54
88
23
-52
16
-84
74
-89
63
99
22
69
81
-99
-24
-70
99
-57
-89
-92
8
-95
17
-84
30
-83
-94
22
-14
25
63
12
68
39
-86
-25
-18
-24
-55
53
45
-93
-3
87
30
59
-5
81
-69
35
-52
-82
94
-19
80
86
-3
82
-80
81
-70
-32
-9
-17
-76
-98
-83
-35
86
51
39
8
-88
95
96
-7
-49
44
-33
38
-26
39
-35
-28
-74
89
32
-15
79
72
-29
-14
-79
-26
45
-99
-22
-15
0
37
-67
-65
91
3
20
-22
10
-18
59
41
-27
19
1
33
24
80
-48
31
60
-100
-78
25
23
-82
66
-91
35
79
-59
36
-70
96
22
-10
-42
-7
2
92
-3
67
41
-70
6
47
-25
69
3
10
5
6
-10
57
62
-44
40
-72
73
34
-2
-63
-47
25
92
89
-57
-64
-18
12
86
-27
-58
-98
16
31
-30
90
-65
56
-83
-63
90
-43
-90
69
-48
5
-89
-51
-29
72
27
-61
99
90
39
-10
-59
-99
-57
-95
-3
-28
-6
86
13
98
-95
-66
-61
7
83
90
-32
52
53
51
53
-76
-56
53
-13
71
37
30
26
29
18
-9
86
-17
47
-25
-90
5
98
-4
-60
-59
-46
-81
40
53
-95
32
-38
34
34
23
-40
-47
-70
-93
90
99
28
80
-8
28
-44
73
1
-81
51
-85
41
91
-9
90
-30
-88
-1
11
96
-80
44
81
-38
-36
69
-6
28
-92
-85
-1
15
82
0
-33
-53
-94
45
14
53
-9
7
65
52
-69
87
24
-4
-14
-35
12
5
-68
92
-36
51
-81
88
-10
-57
-10
-82
12
50
4
-63
54
22
-99
77
4
-86
8
6
-38
-57
44
-42
-10
28
-83
79
-59
-39
79
35
26
99
47
-10
43
-71
-27
-40
-25
33
-30
-88
36
-29
-8
-77
6
96
39
-97
50
-3
25
56
-43
-97
47
68
-87
5
12
-25
-71
-51
-97
100
-94
35
-24
60
-92
-87
87
21
50
3
-45
-26
-40
-11
80
79
1
88
12
75
91
-32
-35
-25
-84
-95
100
80
80
-25
-59
51
-20
32
-26
25
21
-45
-91
-87
2
-21
53
-80
77
50
-8
-58
-17
70
82
4
83
-89
-11
68
76
-26
-32
-77
-7
-52
-45
-79
77
91
30
-1
45
80
-71
-98
80
20
98
38
83
-21
-62
-14
-37
85
33
19
-72
0
-1
47
-61
-17
-69
100
93
13
-35
46
-81
5
-40
-31
87
49
15
57
86
-9
-22
76
68
-50
-49
37
75
15
-79
-28
21
-38
-72
76
15
79
-83
57
65
88
-81
96
6
-3
99
-44
16
89
-52
10
-1
-82
39
95
-38
-26
-44
49
-41
-59
-65
-83
80
-4
34
-36
-94
-48
16
79
-7
35
51
-8
-25
16
69
-42
8
-8
-26
-74
77
-74
-95
5
3
-27
53
-70
-55
-67
-5
-47
-36
25
-38
-33
-60
18
64
0
99
-76
-78
-84
-71
-81
17
26
-58
-22
-24
-98
84
33
56
-95
-9
66
90
57
-82
-73
-45
-1
58
-86
-33
-80
100
84
40
-92
32
12
32
18
-11
17
-47
63
-96
35
-44
-33
-15
6
61
38
24
-36
24
30
15
4
6
2
79
-82
-32
-27
98
-38
-58
-21
-50
-95
98
-43
-12
-59
19
-7
-6
-13
57
83
98
35
79
16
28
-68
82
42
-27
-88
-42
-99
5
82
-70
-61
29
26
-4
-96
-1
-48
65
25
-47
65
-70
-39
91
12
34
-30
-77
-88
-89
-1
19
-72
52
-56
-7
-55
64
31
-85
66
91
-45
63
-86
-9
-23
49
-65
-25
44
25
48
1
42
97
-83
82
8
85
-64
97
-24
64
-93
94
89
-78
-99
95
41
61
58
25
-25
20
-67
-79
-92
15
28
-1
-60
88
-87
47
33
22
29
45
-10
-8
-49
66
-9
98
-46
-7
45
-74
-7
16
42
-48
10
17
-53
69
-91
-10
45
-31
29
-41
-53
30
-73
51
-61
20
-14
91
-99
-2
-89
55
43
83
86
-27
47
57
-4
52
30
-61
-61
87
-31
12
-85
93
-18
-36
84
-99
-67
58
-67
6
1
24
39
3
-46
-52
-24
9
26
-91
45
19
91
-13
-16
49
-32
87
-84
-3
12
56
-14
-60
98
64
88
25
-69
-62
26
28
84
-19
84
18
99
-74
7
-91
-69
49
85
-39
82
62
97
90
59
8
-14
75
7
1
76
88
-77
36
94
-23
49
32
30
-15
99
61
57
-61
94
-37
-70
8
58
71
-80
22
5
-5
-54
67
-30
-37
92
82
-96
-71
-73
26
-30
-53
-57
22
15
82
-17
76
40
-24
-72
63
8
-35
-58
-20
-18
-64
60
78
53
43
96
-34
-74
-30
15
-68
-58
-19
45
43
22
-36
-91
84
-76
33
-7
-93
20
-90
38
58
-24
-14
-49
-49
29
41
77
-9
25
-37
-89
29
80
55
-38
-78
77
66
-68
-68
51
-72
-99
11
53
17
88
-8
44
63
-32
61
30
-55
44
71
-92
58
87
94
-15
-28
-95
100
-64
4
-35
-70
-67
34
-34
70
-32
50
-41
72
-36
55
-15
41
89
88
-30
-84
-51
44
-95
-43
-81
67
-4
12
20
-1
-35
83
-93
-26
-26
54
-13
-3
58
-84
-84
-60
-59
8
-22
-23
77
-8
21
61
-66
-17
16
-34
-53
-71
-7
17
26
-63
-1
-31
-71
11
44
-61
61
56
-99
71
-96
1
-32
-47
90
61
24
29
-69
-27
-47
-71
6
96
-57
32
-3
-33
22
28
22
23
-4
13
49
-82
-11
-50
13
-93
-25
-33
17
-11
97
18
-12
-64
68
-49
-26
-13
-77
93
86
-50
-97
-54
-84
-14
91
-51
20
38
-68
64
-24
-98
14
23
-21
34
-35
-39
-32
41
31
-14
-32
-22
75
-1
-89
-93
-79
16
-70
21
-79
71
-98
28
19
-34
-76
12
-8
65
73
-47
-35
28
-87
-23
-22
40
-38
-28
-29
13
-32
-5
-27
28
-13
-34
-50
77
-42
18
65
-53
67
-63
-27
-38
-20
98
11
-21
10
-39
88
43
-40
2
-89
-85
-12
-56
-15
47
-13
-80
-41
-82
-20
-81
75
44
-58
-84
38
42
-93
80
50
-77
8
45
26
-8
59
-99
70
89
-55
42
4
1
62
-66
-99
10
34
-9
-17
65
45
53
-48
-46
-98
-9
9
11
-67
48
-46
-46
33
98
94
71
5
-51
54
-84
-1
38
92
-92
-78
-77
27
23
72
-36
60
21
-20
-39
59
5
97
-66
98
81
-38
-21
83
6
78
-82
-58
8
-28
-52
38
-8
97
-59
-76
-10
-41
65
90
-40
30
8
-2
-5
76
-83
-23
61
-76
19
67
43
-15
-39
-64
58
-74
49
21
81
83
64
85
12
-78
-51
-80
49
91
-70
83
-40
-97
87
34
-3
80
-28
30
-59
-17
-11
72
26
52
35
34
-64
20
-47
38
-86
13
77
-60
-10
5
-6
10
-2
27
-15
10
81
26
-49
-9
32
85
-63
-82
9
68
12
98
-80
-35
87
75
-1
-45
-41
-31
-53
-96
-75
71
-77
34
9
-87
35
55
-81
56
-35
59
27
90
-24
-17
58
-67
-42
-58
18
-100
-34
96
-31
-98
79
42
1
-57
56
71
28
16
-81
-58
-18
-28
-94
86
-77
-85
-51
65
-16
43
-84
31
64
-90
66
37
11
7
98
96
82
-53
-39
19
49
-100
1
-42
-59
79
38
-20
-13
-22
-39
-50
5
67
-53
-98
38
8
-76
-42
18
-89
-66
40
-90
60
-68
67
68
0
53
-79
13
-95
73
10
-67
-96
63
6
-60
85
33
-25
92
59
17
53
-44
53
-7
75
38
-1
77
-74
-24
-45
52
68
-28
-88
100
67
41
18
5
-9
-60
-94
-11
-32
-16
-87
63
39
7
47
-37
64
-80
-63
80
37
81
-15
-53
-100
-100
12
-37
6
-68
64
-58
-99
-61
-8
-25
-45
-57
-42
38
-73
40
94
85
90
-17
-11
-81
10
45
44
35
35
-61
-89
-32
-68
82
54
92
12
33
18
-6
-60
-8
-54
-14
89
-24
55
87
97
-6
16
-56
-29
-74
92
70
-31
-16
-44
-11
7
-91
-40
17
-23
16
64
-39
4
50
64
45
45
-75
-88
-1
88
14
71
-88
-97
-60
-12
-66
45
-3
-49
-68
-26
-66
82
68
87
-69
71
92
16
44
-79
-41
86
85
22
-21
-25
47
65
79
69
54
5
-52
18
17
54
-94
57
-63
38
-97
-38
30
-4
88
-81
-98
-66
71
58
7
7
5
91
-9
-46
-84
21
-41
-78
-97
53
2
66
-8
3
-98
-97
-63
-29
-12
55
-63
-41
-72
51
-90
-22
-50
30
35
-2
56
-53
61
-11
-33
-56
-49
61
-12
-41
-48
-47
67
-88
93
2
49
67
7
-43
-76
19
86
-13
40
2
16
-8
-41
26
50
-80
-74
-86
-16
-45
-95
75
22
97
-64
-83
-15
-85
39
82
-60
-100
-58
-87
44
78
23
-57
-77
94
70
-99
35
-43
-99
-6
-87
-86
-92
-56
48
-32
42
-24
-18
35
-42
-90
-92
-86
56
3
0
-21
54
32
59
-48
8
67
71
-89
-13
86
-30
0
-36
-12
-56
-92
-38
72
-67
31
-28
-52
95
-46
-39
-23
-34
62
-6
-13
-27
-40
-85
-57
14
-15
-84
-18
85
-13
93
-57
-47
25
-91
45
8
-5
38
76
90
-65
-44
79
-55
-47
70
100
67
10
81
-60
20
1
-86
21
-84
-38
-96
-45
-52
73
-71
-49
-66
8
-29
-18
81
26
8
98
-83
9
26
-4
43
-43
-22
5
-79
-90
82
-88
-17
49
6
51
-86
-65
-58
-73
-91
70
54
78
-4
-27
86
5
-10
46
-52
98
-38
-94
45
40
-69
-46
-98
38
75
31
-100
43
-26
-16
-35
-15
97
-98
76
-84
-98
65
66
-70
35
81
-56
21
14
78
61
-40
-94
-62
-82
96
82
28
73
46
-33
6
74
51
-11
13
68
24
-10
55
40
-86
62
82
4
-75
-72
3
-49
-79
-83
20
-26
98
27
45
53
-45
0
-76
-27
8
10
-1
-83
-27
-28
99
-20
-8
34
-77
49
-85
-2
4
64
31
-30
-23
80
-29
-78
-96
45
-21
34
-93
-70
66
31
-26
-74
-92
-40
50
-60
45
-77
1
-63
-80
-21
97
11
-16
-62
-38
-46
-54
82
52
97
5
-43
72
-67
-34
-4
1
44
29
15
71
-3
-37
-83
-76
-73
81
-94
-24
99
-59
23
1
-84
-92
-9
-55
36
-89
-89
-45
26
-48
-72
-71
-13
60
-15
20
44
58
-78
-82
-39
38
-55
-17
62
9
-59
-49
67
-84
-61
-17
30
-98
20
-20
38
7
40
-89
-3
43
-22
64
58
43
48
-56
80
-7
-52
-31
30
35
81
-81
34
13
39
-88
0
-50
-10
83
95
95
-12
29
27
56
-91
59
-97
35
85
88
54
-78
50
-90
-96
68
-4
-82
18
-100
35
-57
85
33
67
-4
-46
-72
83
17
-95
-26
-4
36
-13
44
-100
12
33
88
52
2
-18
-84
-63
-31
94
38
-12
-17
86
93
92
75
7
86
88
-46
3
79
49
50
0
-39
54
28
-72
-94
66
50
-76
27
-2
-75
-79
-39
-9
65
-94
-24
17
-69
0
43
74
96
82
75
-83
-9
-98
-72
-100
-5
21
-8
-77
86
17
-17
18
-19
-32
84
-92
66
68
-80
-87
39
86
73
59
-82
-98
50
14
38
-93
66
-20
35
-34
-67
89
20
-12
-61
-70
-5
56
-36
17
5
-16
-6
-11
19
84
-70
21
88
-94
-93
-76
65
15
29
-83
-36
19
-72
-37
-36
-51
71
-87
87
-52
70
57
24
-69
7
-26
-36
92
-71
-53
76
84
-46
-98
22
65
91
75
82
21
-43
-15
59
-99
69
41
74
95
-86
-59
-25
-65
80
-73
-99
79
36
5
-86
-8
15
44
83
-21
-22
-82
83
-63
-82
-30
60
22
10
7
68
1
-1
-31
-35
-57
-55
-59
4
-51
70
-43
-91
-49
-76
-83
88
84
-14
-60
47
35
-21
-49
-95
13
1
39
35
65
-7
-78
99
39
-81
64
58
-97
56
-73
50
-20
-98
-2
-13
-44
68
-91
-26
-42
42
69
14
32
-59
-54
90
24
-73
43
-40
42
-52
13
78
-54
-30
-82
-14
60
78
69
90
-87
89
17
34
27
51
31
12
-54
-2
-24
-64
-52
-50
98
-57
-45
-68
-89
-87
-19
-70
-67
43
-82
-29
2
-67
78
-75
34
-75
52
-60
4
-41
-43
-30
20
-33
100
-3
60
-86
-97
89
-7
38
78
71
94
-47
49
-69
-61
-35
-35
-79
-26
42
-16
38
-100
36
64
-59
8
67
-62
-7
-14
-22
-25
9
-64
15
-83
-42
-38
49
-96
47
-57
25
40
34
68
38
-39
52
65
9
76
70
-34
50
-12
21
28
-45
85
-60
97
-69
-56
-87
-76
-35
24
76
2
22
-25
52
-7
-14
3
-36
73
-56
31
-50
76
98
-4
-13
45
-23
96
55
94
-28
35
-57
-43
60
98
-44
-3
95
59
-76
-19
21
-99
56
76
14
39
37
-67
-9
66
-44
53
53
80
-75
29
82
91
-85
12
57
-91
63
15
-40
-70
-11
40
-2
-77
93
61
-49
42
-65
-88
52
-67
-84
86
-76
78
77
17
-48
99
62
-2
48
6
-6
-96
28
84
89
-29
28
64
-15
18
22
77
69
-30
-17
51
-26
-66
32
63
81
73
29
-26
-33
45
-7
-68
-5
-66
-69
-94
-1
98
28
48
-57
-98
29
42
-15
30
-51
31
-81
8
-76
-9
88
-61
-11
47
-95
-97
-53
-24
24
-85
86
64
-66
40
16
-21
-60
-22
0
11
77
-57
41
-32
-8
-25
22
60
-28
-68
3
48
61
-83
-3
2
81
31
-65
-35
-64
-71
-48
14
98
34
9
90
-65
21
-90
-3
31
-62
82
-79
69
-12
-59
38
-73
-55
87
58
-40
-89
-98
-49
-91
-93
56
-11
8
-81
-75
-64
93
99
81
-82
56
-46
-52
20
-95
-83
47
-22
49
78
-33
-20
-27
-30
52
-52
27
-85
-39
-21
41
12
97
50
31
20
-89
-53
-15
-28
21
-28
1
29
93
38
-80
93
-55
59
38
-18
-98
-25
-20
98
-72
8
41
66
-72
85
-68
-19
-28
-17
32
-2
-61
-26
88
-47
-17
-99
95
-71
25
-36
-32
5
87
49
31
78
43
-15
29
95
-73
-57
-84
-45
48
29
89
-29
-25
94
38
56
51
-16
-47
-30
-93
63
58
-36
45
36
69
22
46
-13
84
-78
-94
-70
77
13
72
-31
91
48
-81
-18
-39
-24
-12
-48
-40
-26
-44
-24
30
75
87
52
-69
-32
24
-95
-18
-9
-23
-90
83
-68
81
-7
87
0
-49
71
35
-41
64
-65
-48
-52
-53
41
-97
36
-93
-79
-78
-73
98
98
68
50
-68
-45
-45
-9
84
-65
-33
-77
65
-46
51
50
-4
-80
13
94
19
79
-58
-8
37
-99
75
46
71
-95
87
76
7
-6
-60
-46
-47
-3
-26
-29
-54
-47
-50
-31
93
44
47
-100
-91
87
29
8
91
81
-57
-47
-85
-89
-87
-11
94
-62
-70
-8
25
49
-55
-43
-45
1
3
4
-52
-73
-74
-58
-39
-99
50
-15
76
30
-80
39
94
66
-32
64
64
-74
-7
99
1
-86
16
-64
-38
40
92
11
-98
5
-53
-95
76
36
-87
25
26
13
1
34
63
-69
-4
-39
77
-11
-19
78
42
39
61
45
-29
-99
-9
-90
29
35
58
47
-90
-43
65
89
46
73
33
26
75
-25
75
51
59
-27
-73
-2
6
63
48
39
-5
73
81
-99
26
93
-59
-5
74
-18
82
-5
-99
71
-83
80
-95
-46
47
38
54
68
37
51
69
-97
37
-47
-22
92
5
82
10
40
68
-41
-31
-58
38
40
91
74
35
-41
-6
-98
-4
-61
-59
33
66
-50
54
48
39
-27
9
-62
-46
-14
26
-79
2
-10
-12
-90
14
-90
-57
33
92
45
-77
-24
78
-92
52
27
-21
-48
-93
-2
-97
100
-95
66
41
-28
-86
-19
-92
-71
-45
31
26
-1
53
-39
29
-22
99
92
92
-66
80
83
2
-47
82
3
-17
-40
7
-30
-21
-72
12
22
95
81
60
81
18
68
80
-39
-86
-46
-40
60
6
42
-73
-10
65
72
-87
-5
96
80
40
-36
99
63
-58
15
29
-5
65
92
-56
95
45
57
-52
-48
48
88
-45
-19
67
7
71
83
92
-69
-85
-6
44
61
-67
-39
48
16
-84
55
-17
50
-31
77
97
-68
-29
-8
35
45
87
0
38
19
68
26
-84
54
-95
-38
52
-81
97
-32
-25
96
30
-96
100
12
-15
62
47
-66
14
-51
65
-66
83
-73
33
-77
97
-82
73
-50
-38
9
44
-100
29
-61
-74
48
-88
-13
-6
51
-46
-90
26
-91
-33
51
73
60
74
63
6
77
76
-31
86
66
-24
11
-72
-47
-96
14
-7
-20
46
-2
89
-68
-60
-41
-21
-88
71
-92
-21
36
95
-93
63
55
-7
-12
-1
-77
21
38
-72
-82
-36
-68
63
49
-100
-57
40
-93
92
-86
74
94
15
-66
-3
33
81
-65
57
-8
-68
-77
97
-26
-38
-23
97
28
59
77
1
-86
-82
-61
-75
-16
-13
80
-32
-29
-67
13
-21
2
-20
-16
41
-65
54
6
-97
-42
-79
99
74
-62
93
62
23
55
-25
-13
36
-64
-79
25
98
39
-41
59
-88
45
-35
20
98
47
26
63
-18
38
-74
28
88
27
55
45
18
-38
94
-48
-81
-60
-14
-54
-42
52
-18
8
-87
-80
53
-31
24
-98
10
59
37
0
44
10
19
35
100
78
-96
-41
-33
95
36
-1
-5
56
-16
-25
-92
84
-100
39
76
-45
43
-1
-81
63
-100
11
52
96
18
-28
19
17
-19
80
-34
-10
-90
6
-3
17
-30
25
2
-43
-81
-72
74
-10
91
97
-81
17
-31
-14
-68
-44
97
-92
87
86
94
-98
-68
68
58
-30
-13
47
-16
67
-94
99
-58
37
-49
-89
25
-72
51
94
-96
93
51
53
-93
69
74
-47
-77
28
-49
7
-69
-33
-52
47
-1
-5
95
50
61
-56
-30
79
91
66
94
25
-18
-29
-23
-65
54
44
16
36
-90
-35
-77
57
10
-21
-72
46
29
-52
-65
56
23
27
95
61
-18
81
-67
27
87
39
-68
23
20
-51
24
-78
65
-40
82
12
-86
65
-100
19
74
65
-72
100
-90
-86
63
42
-6
-51
41
-93
-45
-37
89
-13
48
-28
56
49
25
12
92
-84
23
-33
-11
10
57
78
7
86
-32
95
-27
88
-37
-65
-49
34
-83
51
31
-83
96
-45
-47
72
27
-20
99
-22
43
-65
53
-78
64
-41
-6
-86
-40
-25
37
-17
82
-83
-99
44
1
-94
-87
93
54
84
19
48
-98
47
-35
-35
-35
61
-89
82
10
21
-99
-38
51
-56
-69
-17
-8
83
-77
-37
-37
59
-56
-95
-54
82
-32
53
-10
60
-73
1
-11
27
-29
-38
-80
47
-97
-83
7
-32
-96
76
-82
-2
-14
-10
-83
86
98
-63
27
-37
46
16
-54
67
-88
-46
-96
25
-2
16
-48
9
8
64
29
21
-20
81
-36
36
92
-27
-45
-43
-90
46
-4
-51
-40
94
21
56
-37
-12
56
-51
100
3
83
-57
-92
-58
-11
-38
-85
-68
62
-23
-11
-22
-16
-27
93
13
18
-85
72
31
-74
-61
88
35
-76
72
29
-98
85
-6
89
-77
38
-25
-39
-20
21
-21
31
83
33
-40
72
47
60
44
0
-9
-70
-70
82
43
59
-71
-79
-24
-19
11
77
1
71
52
-100
71
-6
-13
-25
47
-58
-88
16
15
21
76
-16
43
-98
32
-25
25
83
100
-42
-14
-40
-84
49
-86
-97
84
-55
-48
-41
-58
20
23
-61
-49
80
-81
21
-19
-41
-52
-12
-76
21
-61
-32
18
91
-20
49
32
-93
-23
58
12
-35
-38
-48
-96
-79
-8
61
89
82
-10
-9
-96
56
-13
-4
98
-21
50
83
-90
47
-42
16
-18
-57
-36
71
-71
20
84
-56
-94
-15
-99
-78
-100
-6
-12
100
69
12
98
-42
96
-71
73
63
-73
-89
-53
74
-92
-2
-54
96
34
-48
50
-61
-15
42
26
73
71
1
-25
-27
62
-25
29
-45
81
-56
70
35
-89
-37
10
-31
-30
62
85
13
-61
-25
-94
61
43
-19
56
46
36
-62
-34
-92
-97
33
-60
-75
-75
12
94
88
-90
-82
-86
97
-71
-63
84
-85
33
65
51
31
-75
-7
38
-24
21
69
67
21
-29
31
-41
-12
-45
59
-35
-78
-88
-88
-58
51
-37
-19
39
-3
20
-31
50
-80
-93
98
-85
40
-73
30
-26
68
68
-72
-96
23
-66
-85
97
-75
-71
-69
48
83
-25
83
80
93
-30
62
-25
-37
-81
6
29
-50
-65
72
36
-61
1
-36
-52
-43
18
-79
97
-86
74
-4
32
-16
52
-60
88
-81
-91
-18
27
0
35
-52
51
30
50
-21
-100
-47
-96
-73
-19
20
55
-15
25
-27
-64
43
-80
6
-5
-65
98
-10
-61
29
-30
-24
-18
17
59
22
81
-90
-25
69
-80
-77
-44
2
-23
-62
-1
-65
-43
-95
49
-71
49
-53
70
75
88
23
-69
69
23
-32
16
99
-25
-38
-14
3
-16
-13
-85
-20
11
-40
51
-72
58
38
-92
88
80
-46
-1
84
-70
-63
62
38
27
94
48
2
-39
-100
52
79
13
54
-29
-22
20
20
79
-49
81
-73
83
-48
-78
41
6
89
11
11
61
66
40
-62
13
6
-51
1
-90
23
-76
60
46
96
32
61
33
-51
-51
-59
22
57
22
74
7
7
-49
56
-6
-93
38
-44
7
-22
53
40
-58
-67
-1
-60
52
14
5
25
67
-30
-14
-17
44
71
38
28
39
18
6
73
-82
-100
-20
15
17
-80
93
-60
-20
-20
77
-67
44
54
-38
25
34
35
90
83
65
-56
93
-77
-1
-34
17
-32
-40
-27
-73
-53
33
76
63
-48
88
-80
-80
23
98
76
-68
-99
-21
98
-58
-73
-15
95
-90
-85
72
-94
-15
94
-65
14
-6
-14
-23
42
-22
-32
71
14
-52
-19
-3
13
-40
-68
56
-81
-64
-43
-90
-59
-31
-55
-40
53
-37
54
-4
57
96
5
42
-26
-75
28
-45
-96
56
3
-76
-65
71
7
-9
3
38
56
-4
81
37
-60
-42
14
79
-91
-92
-71
68
-93
-35
-25
78
-12
31
78
-57
52
-90
37
-20
-6
-53
54
46
-87
48
-41
-71
2
-66
96
51
-52
-17
41
45
3
-46
-96
70
-25
31
-64
20
28
-41
76
22
-99
-72
12
36
18
40
53
-50
-11
19
-99
24
-59
11
-52
76
-79
-97
-95
-12
-78
85
-99
-80
-11
-74
-97
-70
-27
55
49
-84
-81
-66
13
54
4
-43
5
11
66
-44
-66
-33
65
31
87
-32
73
-19
-1
71
-99
89
-18
-82
-66
79
13
78
-15
-41
47
-100
24
37
19
38
75
-88
-51
83
52
37
-25
-56
-22
-95
-26
58
38
-72
-57
57
46
-54
-24
-54
-69
27
10
63
-26
59
87
-39
85
52
32
-34
72
-70
27
-28
84
68
-52
-1
-3
-68
91
20
37
31
-98
51
84
81
-58
-42
3
14
-18
-49
-50
89
-13
55
25
18
58
-31
59
-82
-57
-93
42
-50
33
-66
19
-29
0
57
40
-58
65
65
-67
-98
-13
-78
-5
-39
-44
-41
75
-47
30
-45
99
8
16
-7
50
-43
-91
68
-5
60
-29
-89
-96
29
21
-23
-72
46
-44
-61
-99
-68
54
92
-73
-13
-11
27
5
16
-29
-22
-24
38
-34
22
20
-34
2
63
84
-90
-93
19
98
-51
1
-20
-45
10
-80
62
-94
70
94
-97
37
-96
52
-41
-82
91
27
31
64
-33
21
-51
-55
-32
-84
81
13
-18
60
42
-90
-49
38
45
-3
79
-86
-9
-64
-43
-85
79
77
60
51
51
-99
25
-72
-89
-73
-92
97
-62
-64
-64
-71
-76
76
50
-26
14
28
-45
-73
-94
76
73
-34
-23
-60
-9
7
3
33
7
-51
48
-49
-32
-90
-30
37
93
-14
85
-90
48
-64
10
-46
-2
9
-41
54
-47
-4
71
22
-78
27
0
83
71
-92
-93
46
-26
98
0
75
-41
-11
-8
-13
-56
19
40
38
96
44
-6
-33
-87
-81
-85
1
-18
35
30
-8
30
17
-73
-48
-5
-99
80
83
-40
56
-21
-23
-39
-75
38
-65
23
28
-45
-14
-39
-85
42
-13
-76
52
-32
-21
-48
-62
-80
9
78
-1
82
-69
27
54
-63
-63
35
-70
-3
-97
90
-98
72
-76
55
-65
-57
-84
-5
78
52
7
-35
81
41
70
49
-32
25
89
-2
78
10
-87
-68
69
-32
87
7
32
42
-12
99
93
-3
95
-11
-37
-86
23
-61
17
-58
37
-80
53
74
-67
85
-61
-46
75
2
32
82
-22
-79
63
-62
-91
55
75
-35
56
27
-92
61
100
44
88
3
50
96
-65
-85
-33
69
-5
-48
43
-88
-23
-64
-4
36
20
97
43
-9
19
79
86
-77
-91
-42
-25
100
-87
100
-93
85
16
-38
-25
-55
-40
43
-12
14
4
69
-54
-61
-72
4
-42
9
22
3
-18
-48
-24
-86
29
84
23
43
58
-96
-26
-98
-94
31
15
62
-97
76
58
-67
-56
63
81
-54
-70
68
-64
32
82
69
73
-37
-42
8
-54
-67
15
5
-1
-31
58
72
-9
-51
-84
-22
-33
1
-59
13
44
-17
78
-28
-42
-41
-57
10
-84
21
15
-63
4
81
-93
-97
88
-40
46
-9
7
-37
-37
20
-54
1
-81
-10
-97
-67
40
98
39
94
-55
72
41
-3
-39
-99
2
45
66
26
85
29
-11
-91
-37
25
67
31
19
-2
-58
-44
-67
-67
-58
-87
-52
99
94
95
-94
80
68
-100
87
-57
-12
93
-63
-82
-63
3
-27
66
83
94
52
73
95
-42
-13
-84
38
-14
40
88
-55
44
-17
-83
-51
-84
8
22
-49
-21
-76
-42
65
18
-86
-17
50
-11
40
-71
-20
13
4
3
-98
76
15
1
-91
-95
10
77
-11
-38
70
40
-16
-52
-84
-55
81
22
83
-78
-48
-80
70
-93
6
-41
41
71
34
6
-82
72
31
-56
-62
49
55
-53
0
-90
64
93
-36
6
-14
-66
-96
70
-87
-45
-29
83
38
9
38
82
-99
-20
-24
52
89
50
80
-58
23
-82
-46
-60
-85
82
-28
-92
35
10
100
37
99
53
18
-83
94
-15
16
39
-62
-47
46
57
14
79
-13
10
-98
89
49
95
-90
-90
-57
13
90
9
57
45
100
-78
60
-4
12
94
56
-2
-58
-35
14
-85
94
-12
-95
33
55
-44
44
9
-47
-66
59
-9
-31
-57
-82
90
-15
-30
69
-19
-90
87
-52
-92
-45
-64
-96
75
-20
-6
81
89
26
15
-93
41
16
-79
-91
-15
-8
51
-58
30
26
82
49
25
51
-72
70
-22
78
-26
-46
-53
54
63
-89
-91
25
43
-100
-91
-2
53
79
-39
7
3
-5
79
40
-21
73
34
28
-8
-92
-36
16
85
-42
60
-76
-11
81
-45
83
-2
-97
-49
-64
53
-71
89
-86
57
26
23
5
-34
69
-24
-95
75
-59
3
45
43
-40
-98
-20
25
-25
-7
96
-91
-58
-82
49
-48
74
-55
39
70
-24
-79
-90
-47
