1000
64
-46
79
-92
68
-1
-18
-25
40
-93
-13
7
89
79
20
-98
-76
56
61
-44
81
1
-29
-44
-21
-99
-82
-58
77
-12
-94
-38
75
98
53
19
-59
34
-84
10
41
17
95
17
-51
-70
-85
99
-3
68
-56
2
92
57
23
32
-28
-29
26
-84
-70
9
4
37
30
-65
51
40
33
22
61
17
17
-59
8
9
16
22
2
-91
22
1
41
62
-18
-50
-38
13
60
-89
88
-88
27
-69
-100
-57
69
48
-11
28
95
-90
-2
25
-30
53
-74
7
42
-64
-37
1
99
-54
-43
-31
-61
-58
71
35
56
39
71
25
-82
62
4
-53
72
-17
30
61
-66
2
-59
8
-51
-66
17
-8
-67
-49
-60
-32
84
-61
-7
41
-23
-65
-64
94
-87
-66
-69
-97
55
74
64
28
-2
-87
-3
87
21
87
68
41
-82
97
83
-69
14
-31
-35
28
92
34
28
38
-9
-61
-21
93
66
16
-51
-17
84
-82
-59
-43
-83
-47
43
-32
36
-13
-17
92
-44
-30
-50
78
-63
-6
-31
35
39
98
49
92
-12
-77
-89
-90
-55
-25
-90
-76
76
-9
0
73
-14
77
-49
-40
12
-48
5
-41
-61
79
-91
50
69
-82
-88
-2
6
-91
-41
37
-92
-50
58
100
69
-61
-94
59
72
19
-28
-79
90
-1
-84
-97
-6
4
-21
-88
21
75
15
-34
53
30
5
-20
-46
66
70
66
39
-100
-17
48
79
66
18
-36
-76
29
-38
56
26
93
-3
25
86
-16
-70
-4
22
-27
-89
30
-98
-86
-82
16
-48
-12
-38
75
74
-82
79
-43
24
-30
71
66
-44
31
11
-2
-59
99
92
13
-23
87
27
-22
-13
74
-81
80
20
57
89
78
39
-49
-49
3
-68
-18
31
38
94
-91
16
62
-10
58
20
-39
-15
-96
-8
11
-20
85
-98
13
44
-77
-19
38
88
-62
57
95
-73
-100
35
68
-64
38
81
-6
56
-11
4
84
-76
-65
-14
-18
66
40
-15
76
65
-10
19
-31
100
-8
82
13
65
-52
-70
-81
-3
-31
-100
10
33
35
58
49
-25
-50
-39
-89
-89
83
68
51
-40
41
-39
-40
50
82
32
54
-18
40
-40
-79
53
-5
3
33
-71
3
27
14
-6
-26
36
-100
13
-57
41
-99
-69
-25
67
-56
-88
45
-39
41
86
1
80
60
51
-21
83
62
83
-48
-100
-81
-34
100
-52
-79
63
-2
-2
17
-14
-80
-83
-58
19
-37
7
-52
-22
-90
82
-47
100
18
11
-36
100
-14
-48
81
-64
-93
6
-11
-61
35
-27
52
-44
-56
-4
-69
70
-64
65
100
30
52
-95
51
-53
43
50
-63
-91
72
-100
-57
9
-4
19
49
-19
7
36
58
-72
-37
-72
-44
-76
-20
-18
-15
32
-66
29
63
2
18
-47
20
-91
44
63
25
-86
26
-46
-78
-93
59
28
61
-5
79
26
99
56
-44
44
34
-90
-35
35
-79
37
-33
69
-48
70
37
8
67
26
90
97
88
0
-75
82
61
63
-66
-21
-37
38
-6
-7
15
28
45
-14
37
-61
35
15
10
43
36
63
61
51
-95
-19
-77
-100
3
-16
78
71
-6
-93
-52
32
-99
-63
40
54
-22
-29
-78
6
93
-74
91
65
-81
51
-66
-21
-88
-70
-78
27
-31
56
70
-11
70
-36
-61
-9
-2
41
-66
63
31
-91
57
5
-63
11
-76
-66
17
59
-21
-86
6
-81
80
49
71
10
45
-87
-88
-19
46
-35
-36
76
-50
42
-61
54
-85
98
85
-91
53
27
17
54
78
-98
20
5
63
83
-74
-96
-36
52
-36
-20
87
-95
14
18
20
0
92
18
61
42
28
53
86
-23
-12
-40
29
-90
17
91
-28
46
-62
-79
-53
96
61
99
48
-39
79
-22
29
-10
-60
-81
-89
61
-78
34
-42
-64
-4
-22
-13
-13
-18
-32
91
95
94
-31
-54
-26
57
42
54
11
45
-14
8
79
54
62
-91
14
65
16
15
-46
-94
-14
-64
-59
-29
74
25
44
44
-32
63
-42
-72
-60
-23
-50
38
13
5
51
-22
-23
-8
88
98
9
31
-24
-81
95
-14
-57
-1
63
19
-32
56
-11
99
49
78
-59
-61
-37
46
1
0
98
-47
-27
-56
-54
-63
-42
9
55
31
83
-58
81
41
-83
-68
-43
-39
9
-13
-88
-33
18
41
-47
-24
-52
1
-94
30
66
-63
-97
54
19
-78
94
-46
15
-1
-54
-49
-40
89
67
46
-31
4
60
-64
-62
-32
-93
10
78
-35
14
22
-12
-81
42
34
-89
-20
-58
-51
92
-12
-25
-39
13
-78
11
36
-53
33
-22
-69
46
-16
69
-68
67
-18
-21
61
82
46
77
95
86
-43
-66
-86
-34
67
100
-62
-71
-93
-43
-60
1
-68
-39
76
15
-68
41
15
16
-72
-17
12
-13
-70
11
-100
36
-24
-59
38
-32
-20
-66
-21
-23
55
-21
-72
1
-1
79
-75
-74
19
69
-83
19
-89
52
35
18
-24
-52
-27
-90
-73
-37
61
-8
74
28
8
31
62
80
-33
-84
-37
65
97
-36
-13
9
72
-67
77
43
-39
-69
100
36
-46
81
-49
94
-85
69
-91
-22
-72
-97
8
