2000
-51
-10
-13
-95
-13
55
15
57
90
-52
-10
-46
-91
-71
62
-50
80
50
10
97
8
82
39
-36
-4
38
91
97
-89
59
30
-35
88
-91
-84
-68
54
-22
39
-67
82
-72
56
97
-81
63
36
-76
48
-49
-61
77
68
-86
73
78
-28
-100
55
56
-14
9
-78
-78
7
-41
93
-47
-66
-67
73
-15
-12
79
97
-32
53
17
63
37
73
-58
93
-20
54
-94
-64
95
-54
16
-66
-79
-81
19
89
73
-100
-68
-46
74
-84
-35
-2
-94
-41
81
52
98
-3
69
-39
-44
-33
82
-71
-75
83
41
96
87
98
-18
3
72
-14
27
11
79
-6
53
94
64
-35
-100
22
33
-94
66
-83
-13
46
74
63
95
49
-50
72
77
99
50
-6
-97
36
-10
-66
-5
-37
61
23
21
51
-42
-10
-54
19
-4
-20
76
46
-71
-72
-47
-88
-65
96
-89
29
54
-33
57
-77
-76
96
-9
11
68
61
72
90
17
37
-74
98
-82
-70
71
-9
-19
-77
68
-76
-90
78
-86
-29
-68
75
19
51
77
24
-78
-37
2
-21
92
-47
89
-96
67
46
62
-90
-38
12
-21
63
-100
42
-45
30
38
77
15
59
58
67
60
-45
-92
81
-24
-86
-26
5
96
16
-28
53
-43
93
-92
50
59
-39
1
14
18
30
98
55
89
67
25
68
-67
66
72
38
-71
79
-7
9
26
-57
36
55
81
-24
-23
16
-88
-5
4
20
-52
78
-1
33
54
-56
-25
99
-64
57
-25
80
28
-94
-95
50
99
32
23
-76
55
41
94
36
34
40
63
30
-54
32
-36
-21
-45
-26
-45
58
-33
-32
-19
-93
-97
-13
-15
8
-92
-43
88
-86
-79
-39
85
68
-55
-58
-75
93
-13
1
-49
52
99
44
100
48
32
43
-71
-49
54
-75
53
19
-31
-10
-100
93
34
58
14
97
-81
-49
66
-73
-64
-48
56
-84
80
-29
10
62
60
-11
-10
-82
3
-61
-19
-85
-16
8
-12
94
-70
77
71
-82
33
70
7
-7
-45
1
-58
-92
-78
-4
-76
62
-52
-68
-10
97
-50
-2
-27
13
85
1
-71
99
44
51
-80
36
-45
-7
10
13
78
25
-39
-94
41
30
77
-24
-26
-63
-98
-24
-65
36
81
-33
64
59
-65
29
-55
31
63
30
-69
5
75
-91
-58
-72
50
87
82
-64
68
33
7
-71
29
-71
-83
-65
-74
-90
-59
74
93
43
97
68
47
32
-47
-1
72
-61
32
-20
32
-4
25
62
-41
-21
10
51
-39
-3
81
97
-71
47
62
88
-28
-49
-55
-65
55
49
79
82
-60
30
100
-24
-26
64
-27
-1
-83
-12
10
95
54
84
-51
76
14
-82
-35
66
-81
-75
-99
-17
95
-13
34
-76
53
27
65
25
-59
-53
89
-36
7
-48
-52
-67
-33
-88
81
71
-39
-36
24
-79
-99
47
20
-68
6
-37
28
57
-12
-74
-12
46
-88
-25
-22
88
-47
-87
-77
-78
-63
-72
-62
-30
-5
30
-64
89
-56
78
81
54
-52
84
97
-88
-18
-44
85
-85
28
-32
18
-57
-66
11
-74
-58
48
84
22
-1
52
-91
-67
34
-70
-75
2
40
26
74
40
-27
96
-71
-43
-31
41
-30
66
9
-53
-36
10
59
-45
21
70
-81
-80
49
67
-30
33
-96
-91
-69
57
-35
77
-88
-78
-81
49
-28
12
29
7
62
-50
73
-12
-83
16
20
-47
-29
9
44
93
30
-74
-94
86
43
-44
-53
-23
69
89
6
-30
42
30
26
42
-89
-22
-13
-87
69
-55
78
-51
19
76
-100
-54
-73
-21
-84
75
-16
33
51
91
11
-85
-20
29
-4
19
30
76
41
91
-35
-26
16
81
-7
-17
-62
-96
5
68
55
-10
74
41
-68
14
-55
-12
76
-30
-26
68
-28
99
41
-79
-83
2
-4
-67
15
-4
-40
33
78
-88
-95
43
74
-94
-85
-40
-64
-29
-81
-33
90
78
19
-94
-87
76
-5
-23
35
-83
-50
51
33
57
87
-96
99
-12
61
-46
-58
-2
97
87
83
-3
-75
-25
-74
82
66
22
-92
-87
57
9
48
2
6
-33
-10
35
72
-51
41
69
37
82
-99
-37
14
27
13
-27
-58
74
81
-77
61
-25
7
-59
-79
63
-83
-52
58
68
-64
86
-13
-29
-64
14
-92
-84
-50
39
30
-87
-98
13
-29
78
64
23
78
79
10
-52
-64
73
78
20
4
34
44
95
-41
52
-46
74
62
-91
67
-60
67
-91
-42
15
-79
-55
39
36
32
97
-77
22
-85
45
56
-26
2
-8
-72
-50
-61
86
22
-14
-46
-80
52
-94
75
-61
24
14
45
-64
22
-17
42
-44
60
-88
-72
-84
92
37
-70
-44
41
75
58
-15
-17
-56
2
-51
-32
97
87
-21
-22
59
14
6
44
73
-77
32
60
-8
-74
36
-47
29
85
-24
-11
-53
91
89
-73
-65
-17
-68
-14
-49
-16
61
10
27
-70
-14
-59
68
-35
13
-14
-93
-99
60
-9
17
-97
27
-47
-48
55
9
-59
76
21
-35
82
83
-97
3
-63
-77
34
71
94
3
-3
45
-20
-9
0
20
-92
-92
-89
10
-58
3
-39
-4
-100
-38
86
59
-78
-68
53
-11
-32
-19
73
72
-71
1
-40
11
16
-24
-89
-67
71
-21
73
-29
-51
-6
-25
-81
28
-72
19
86
-70
37
66
-85
77
75
-17
80
-40
-92
-77
-25
47
17
-30
43
-2
43
-77
94
-70
90
92
-45
-50
-89
-24
5
57
35
-27
25
1
67
-9
38
-29
79
-69
-84
71
47
0
-92
0
-64
92
27
72
0
68
31
66
-20
-29
77
-64
45
54
-88
-88
-20
-94
6
-100
-4
0
82
-71
-45
86
-40
-43
67
7
-98
28
-26
26
-68
71
-71
68
22
-19
35
-41
58
-50
99
68
-82
-86
11
26
95
-49
93
-69
4
-43
33
9
19
70
80
70
90
65
-26
88
-19
68
40
16
-58
64
-27
28
-48
-89
-94
27
85
78
-6
-22
65
59
20
65
27
42
82
6
-63
3
-16
68
-33
99
71
99
-40
93
34
-85
6
64
28
-26
-33
87
7
-76
9
-33
41
65
-67
20
59
-70
-14
19
-90
53
-40
9
9
-73
-98
17
89
56
-6
82
50
25
55
67
91
-70
44
67
81
19
-100
30
-91
39
69
13
42
72
95
-98
-27
56
-80
-34
-94
-94
20
-91
77
-81
-45
-9
30
-22
-66
46
-53
86
-74
-18
-73
-61
-77
-58
-69
-8
-20
-84
9
-48
21
37
13
-21
45
63
-87
-51
47
52
50
-72
28
-25
-41
37
-75
-85
59
93
81
98
32
-35
34
36
-76
40
28
58
9
-71
-60
-31
47
-45
-21
-60
-66
-81
46
-35
-69
-59
2
-82
-65
-10
-7
22
-64
98
32
32
-87
89
7
21
35
29
33
-77
18
2
91
-4
69
-41
-73
-87
18
-76
-9
-78
-81
3
55
29
-53
-40
78
100
-71
-47
-16
59
-73
5
-41
37
-13
-26
-72
23
45
-24
29
-78
-76
35
25
90
25
63
-12
-21
53
1
61
66
-83
25
-43
-35
-58
-56
-68
60
-78
-3
-84
50
55
17
65
39
-72
14
-10
-53
-91
10
-31
-15
89
-40
95
-17
84
-9
-42
-71
61
-18
82
9
-74
0
47
55
43
-15
-79
-11
81
39
-88
71
81
18
29
-33
81
-26
-6
95
83
26
59
-42
-1
66
-22
-61
-86
97
85
-64
26
-13
61
8
-99
19
-2
-65
-18
-99
13
-72
-49
40
74
-56
3
-70
-82
45
70
14
85
92
23
-99
-46
12
36
-30
54
74
85
72
19
1
-100
14
23
-73
-75
-57
-39
85
27
63
76
42
-34
-100
-8
-76
-41
-82
-54
52
72
-99
-40
-69
88
70
41
-43
27
-20
95
81
32
14
4
-69
26
-54
14
-79
54
-64
-84
22
11
-59
23
-89
28
44
-83
-99
-49
99
50
-20
-85
-45
-41
24
-76
-58
87
-80
-38
-37
42
-38
48
-84
98
-27
44
46
-66
-52
92
-97
50
47
38
99
-87
35
-68
86
91
56
-66
-55
-14
46
-3
28
56
-5
-69
91
19
3
15
59
6
-100
76
27
46
7
-64
-77
-27
94
-64
86
83
-65
-30
86
-6
68
-26
11
-98
-31
46
82
-83
-96
54
94
-5
-89
-78
-91
4
73
-4
62
-61
59
-23
49
34
42
-13
79
-3
46
63
44
6
-80
-3
-67
-15
-15
33
82
72
-56
91
3
1
13
47
-52
56
-69
6
93
-37
-85
-26
16
-29
90
-10
81
51
-33
21
-14
-50
44
85
27
-8
88
79
-19
67
47
41
-96
-15
-100
7
-80
62
80
-58
85
34
-27
94
40
31
-11
-8
-67
-58
-59
38
-26
-39
-29
55
96
12
-40
35
56
59
-2
85
-78
78
1
38
32
35
-81
-10
2
11
-24
55
-25
-92
75
-47
-77
51
47
83
74
21
-15
-100
96
-44
16
23
-90
66
93
-21
-98
-100
71
20
26
-28
-49
-51
-64
2
-37
75
60
-26
-6
-4
9
-60
53
-53
51
-55
21
-48
-95
31
87
-98
42
-29
-71
-15
-95
-7
23
-34
-92
-39
40
-33
7
-36
-12
12
99
-10
-95
0
67
-38
-47
44
-65
-80
69
77
-56
4
92
-19
-13
-16
-47
-89
61
21
-49
13
-1
-46
93
-14
3
51
-48
-80
-5
66
13
34
-96
-52
1
-4
30
47
0
25
69
-84
-33
10
19
5
-100
31
-41
95
13
-35
-29
69
-3
7
-62
-42
-42
-17
-26
0
-79
-95
24
-42
-52
61
99
-34
65
62
-95
8
-31
35
-32
45
33
-20
-23
39
-12
19
-96
-13
72
-35
-59
37
-100
97
27
-17
-1
-25
12
-88
1
93
22
51
47
-11
-52
90
8
-35
-7
-44
-60
50
49
-89
-69
-15
-19
77
31
-23
47
11
15
72
-55
-11
-33
71
-76
45
93
-98
29
0
-84
77
30
48
84
-50
51
71
7
41
69
86
100
8
-15
80
42
-35
-17
61
43
80
83
31
-20
84
-37
35
72
24
67
37
-84
15
-70
-21
-91
0
32
83
-98
-75
5
4
-40
-34
17
77
-4
84
-77
-91
-54
-25
10
84
65
62
19
19
-39
74
17
93
94
-38
-93
97
-31
-100
-10
-96
-34
31
27
49
-66
-23
50
52
58
-5
80
1
-40
-37
42
43
46
-36
