4000
87
26
68
35
45
69
-72
-24
91
-92
86
-13
-82
-2
-58
-21
88
100
-80
14
-76
100
-23
60
-68
38
-78
67
-46
-58
-20
-99
-33
53
92
1
7
-4
-82
72
-6
-69
-45
82
-68
79
1
-19
98
-96
-80
25
-95
4
-55
-37
-57
-73
-75
8
-69
16
41
-74
-59
-98
15
-64
-24
7
-65
-83
-24
-54
73
42
66
-76
25
14
44
36
64
20
85
28
18
79
-3
-67
-71
-34
-83
-34
26
17
25
-31
54
74
1
11
-14
34
-49
14
-32
-71
-54
17
-51
-17
6
-53
-92
-76
22
-50
-4
32
-20
59
7
79
63
13
-52
-2
96
-12
59
74
-38
-69
86
81
88
-37
9
-9
-87
-93
91
-47
-60
-83
9
89
-83
85
15
-62
-25
72
88
64
-51
-22
77
5
-88
-31
-86
-65
-78
68
-17
-41
-41
-44
-26
92
-30
56
30
93
-73
-95
13
97
44
-98
22
-24
65
6
58
-20
-5
39
-34
46
-73
46
54
-20
25
-26
-51
-93
57
62
30
35
-31
-21
-39
99
-66
-18
-9
98
-54
47
73
-68
12
-79
34
-89
17
-64
-74
62
60
23
41
-5
39
-9
-81
61
50
79
-25
-67
-89
-40
76
35
-60
-97
-41
48
94
-71
45
-100
5
66
54
-63
-39
46
-46
-13
-3
6
-38
99
82
5
43
-56
-47
52
-58
-31
42
-15
-77
-89
78
-90
-27
55
-63
-36
-93
5
-94
-63
79
-46
-94
52
62
32
-62
-58
9
85
-29
-95
48
85
-21
-32
-14
23
-53
28
-97
-11
58
40
-26
-23
8
-82
62
11
4
-48
76
92
67
-42
55
75
-33
92
79
-9
-29
-11
-79
44
-62
34
66
-4
96
-62
-74
82
-82
-23
61
32
40
98
48
54
25
24
-70
15
81
6
88
-59
63
-12
28
58
-66
0
64
50
24
-46
37
-38
-20
3
-68
-30
61
-88
87
17
-39
-71
-91
-68
-96
45
63
94
-21
-17
-34
21
52
-67
-93
62
-26
73
11
-60
76
39
67
48
19
81
71
-56
38
-6
99
33
39
-70
-70
-61
-44
60
-13
4
-5
-41
76
44
-41
-69
30
-93
-4
-8
-39
91
-63
47
48
80
-14
87
-30
88
-4
69
28
-98
-12
-38
-30
-88
32
17
45
-68
72
-53
73
-83
-71
75
-87
89
-22
57
-83
-39
75
-51
76
94
80
16
-14
96
86
24
52
42
-99
6
70
49
-9
20
-53
72
72
32
69
-87
11
-17
-62
23
45
-71
64
24
-12
11
62
91
-32
-64
-46
-8
-39
80
47
0
19
65
-22
66
-79
-50
55
-85
-57
65
57
-70
64
28
-43
-89
96
-66
24
-32
-19
-14
51
-85
-30
38
10
26
14
27
-97
34
-25
52
-80
-74
-44
49
-18
66
-5
-94
65
13
-42
-59
75
28
98
-82
23
-90
-32
-72
42
94
43
-35
2
-2
79
-65
-23
78
-79
20
-56
45
34
-23
47
47
78
-7
-50
-76
2
10
-52
-16
-26
-34
62
31
36
64
-67
-48
-94
-33
-58
39
-88
67
55
-35
62
-28
48
84
9
9
23
70
-24
-62
-81
15
65
42
56
-8
48
59
17
-54
-7
57
54
52
31
-54
-97
-10
-66
-15
17
-50
72
35
-63
-64
19
-38
-77
20
-90
-41
4
94
41
37
31
-6
-37
68
26
50
15
-98
65
76
-10
28
-48
87
-4
78
26
-80
-57
22
78
34
-97
-44
-83
37
89
-6
-20
-2
-70
45
49
58
34
18
-54
-100
-13
-51
-51
-62
-67
93
26
-5
-55
-35
76
36
41
67
48
-76
-44
-19
-70
14
16
-7
76
56
42
-5
-84
90
82
74
-90
79
78
8
1
-81
-4
76
87
23
-56
-10
-58
-27
-78
59
92
-82
45
-73
-63
83
38
-52
-3
60
-25
49
29
17
16
-10
58
82
74
85
-30
-6
95
98
54
-64
16
23
-69
3
32
8
-79
-83
89
31
-11
-79
-8
75
60
31
-7
-37
50
44
83
25
40
89
-68
99
3
48
-58
-52
-93
-58
9
49
95
54
-4
-69
-2
21
87
36
52
63
-88
-71
20
-33
-50
21
-88
-67
-43
-75
91
53
-42
37
-60
-89
3
-34
34
-99
46
-5
54
-54
-51
15
-60
34
-4
-50
-80
-62
-58
40
-69
76
-26
27
57
-84
28
69
22
97
42
98
80
74
57
-40
35
-100
75
77
14
-34
86
79
26
45
87
6
-39
-52
-82
-58
80
21
-90
-73
-36
-63
93
49
-82
-74
-23
-85
12
14
79
-69
41
86
-74
52
52
-80
-24
13
-70
37
-50
-23
74
-59
-7
61
60
20
-63
-71
-75
15
60
-77
50
-34
91
-99
19
-43
96
-79
-47
100
-68
70
-3
-91
-1
87
-62
83
41
53
-14
63
-40
-68
-82
73
-79
51
-63
-91
-83
-20
-54
60
55
59
84
-20
-8
69
-90
89
-49
-5
36
-32
0
48
39
16
-88
-82
-26
44
87
-72
4
-42
-82
-30
100
-94
39
-30
-29
-54
72
-20
33
-34
35
-26
-10
-30
32
-76
83
-67
-67
50
-43
69
-6
-77
-38
13
-34
42
-45
-41
-94
39
-94
-45
5
65
28
34
86
-19
-93
-62
10
63
31
35
-100
-6
2
-76
14
-26
44
-40
6
-79
-6
48
-50
74
-68
-84
-83
47
-50
80
-72
92
-46
-37
-26
-17
48
-48
-74
-1
-90
-14
86
-67
-47
97
-11
-75
90
39
94
73
42
12
13
-5
-97
52
32
-41
9
49
-35
-71
-86
-17
-66
85
-95
28
72
-13
-72
-99
27
88
93
83
84
-98
-1
-32
-55
-97
-81
-61
17
-17
-5
4
-5
25
57
21
-59
-16
35
25
-68
17
74
90
-97
43
-21
50
-90
-1
61
-45
-20
-81
65
29
-41
-22
98
-17
-97
1
-59
-76
-36
-36
-19
-46
57
64
99
0
77
-64
10
1
-4
54
33
2
-68
-24
-65
-100
-4
83
-22
-71
-80
-55
56
-68
9
-91
-57
30
42
-29
-98
-16
47
78
-52
-52
48
82
67
-66
-27
-15
-8
35
-22
10
-37
30
43
-41
-1
-47
-37
-79
-68
-13
4
-43
31
100
-86
-65
-73
-13
66
51
-39
10
-33
-14
93
-23
-45
-6
-30
29
-8
4
-47
90
92
-28
-92
43
96
49
9
72
-90
34
-1
-65
-71
60
-82
40
33
9
-4
-59
-76
21
-52
42
-28
30
40
3
11
-35
-88
-40
-34
-28
15
-20
94
-64
37
72
-8
-46
-45
-82
52
-90
100
-11
25
-49
94
11
11
-80
10
47
73
-86
67
97
37
37
-42
60
49
-17
-25
-11
-30
-93
-21
-1
-24
19
45
-77
72
-72
-67
-92
34
-44
53
68
-90
68
66
-53
-14
-21
82
-34
91
-4
85
25
27
90
81
-45
67
56
47
35
29
63
55
-55
38
-27
-77
20
72
0
49
33
-81
74
-81
3
95
9
99
-15
16
96
79
12
-38
-20
76
79
33
61
-11
28
73
-77
100
-68
13
75
74
-5
20
-21
99
46
-23
5
-87
-47
-93
-40
45
-60
11
-18
80
-61
29
94
82
84
36
16
6
-21
-63
91
39
-43
75
87
-46
41
66
34
42
71
37
86
-56
59
80
10
-22
88
55
97
-37
5
34
23
3
-54
-1
56
12
-95
-65
-41
42
97
6
95
-5
1
95
59
53
-28
59
-37
78
42
63
86
-79
-47
4
-100
5
69
86
-81
6
72
-78
-76
13
81
70
4
58
73
-77
74
92
-3
-15
-50
-46
-63
-89
94
95
44
44
54
37
92
67
60
-24
40
-73
-99
-99
54
-23
-51
4
-14
-61
-45
55
76
-66
-93
-37
-12
12
39
84
-67
54
70
-72
28
-38
98
8
-78
-28
51
-98
-8
-49
36
-45
-53
74
25
82
85
-1
1
-96
24
-26
19
-53
-31
51
-85
15
-17
93
-6
-70
33
37
-37
-5
23
-57
-14
-23
-22
-47
-4
58
91
-31
83
50
51
-83
25
98
-34
36
-68
63
89
61
76
6
-19
-73
-59
57
-14
90
0
100
5
86
0
83
-52
-24
15
47
-5
16
62
-21
-11
-9
-27
-65
-77
-24
82
-23
-44
-89
-65
-44
96
-54
-56
54
-36
-36
98
-39
9
27
-91
40
-47
73
74
-25
-46
-99
-61
-8
-94
89
-10
83
97
48
90
-16
-88
-47
-29
-32
-28
-85
13
-84
73
-22
2
11
-3
47
50
-14
-93
13
-83
89
92
5
-37
76
-96
-32
-55
-32
92
19
-84
91
53
-18
-57
79
-31
97
58
-16
57
31
43
68
-6
-8
95
61
-21
-95
-80
9
-71
38
45
2
36
1
-84
-85
54
63
-91
39
-49
50
19
-20
-54
9
2
76
-31
3
92
65
58
34
7
36
-80
-24
-55
78
-31
-2
59
66
-73
-85
31
70
71
61
-83
-59
91
-83
-39
-85
-57
51
-84
98
59
84
33
-17
-9
-7
-89
-88
-36
-85
-18
81
83
-76
-49
-56
90
-27
51
6
16
78
-30
-6
-8
-68
-68
-30
-58
-20
-90
-26
-30
-76
68
26
-36
-49
54
87
-56
95
-52
-41
39
-55
47
-47
-65
25
53
22
67
-96
-46
-97
53
72
-87
26
74
-33
-71
-65
-97
15
74
4
-92
-6
-90
40
-51
-85
-69
-74
-53
-42
-44
-91
93
-55
-25
45
-49
-76
-65
-30
-19
-35
23
-12
82
79
-99
-46
-71
80
90
23
64
24
74
95
20
59
85
7
-46
-24
-71
-93
-28
-95
0
-69
40
-86
11
-42
33
-38
-63
-84
76
-42
-60
7
25
-30
-84
66
-86
4
-95
54
9
-28
-34
92
7
-53
88
22
96
-60
-83
72
12
-50
71
5
98
10
20
-57
69
2
53
14
-90
89
71
35
-86
55
7
70
-14
2
-87
-12
58
39
77
-84
41
-71
-76
23
-28
-34
74
17
92
62
3
17
-13
-45
-56
-1
-97
-48
50
75
33
-33
8
-32
1
34
-62
63
-88
84
-89
-25
13
37
-18
40
-38
59
-36
18
-65
-20
-72
-68
-23
-29
-15
84
47
23
-14
87
10
26
-3
70
-72
-35
28
-6
-74
45
86
-70
-17
2
-95
43
89
-63
63
79
45
-98
11
-34
-34
-80
-29
70
97
81
8
-90
-45
-61
26
96
39
-74
23
63
35
-89
-38
23
-90
-20
91
58
-97
19
-23
39
49
49
-78
5
-13
24
-90
90
-6
75
16
76
100
-79
8
-89
-95
77
-94
-52
55
98
55
86
-60
31
-10
-3
-24
25
-71
-3
-24
97
76
-34
16
76
2
74
-31
96
55
92
38
-92
-9
-11
84
-9
77
-51
-12
-88
61
19
80
-67
40
-93
48
-9
-60
-31
9
48
88
-82
-15
43
97
-50
39
0
81
79
-87
-100
70
-1
-93
-80
-60
-36
23
52
-15
-88
45
32
16
-1
3
-61
-21
-67
5
-99
46
-71
27
97
-88
16
34
5
8
-100
62
68
-45
84
-19
-98
-3
-67
-14
-29
-96
78
47
-96
-22
29
86
51
-12
4
80
-68
26
84
34
-12
-58
-78
-87
32
20
-94
13
-9
80
-52
82
-100
4
-86
-6
24
70
-15
72
79
-7
-24
42
-26
-73
-53
66
60
96
19
61
-70
-26
65
-87
35
52
-28
-33
74
24
-43
-29
-58
86
73
48
-30
-99
-27
60
97
3
-55
-25
-60
33
80
-38
70
72
0
-67
-45
-84
-65
-100
48
46
-88
61
46
-32
-44
29
-25
-6
90
17
-82
-49
-9
61
-44
-49
75
-33
42
-93
34
-82
83
16
56
3
-6
100
-65
39
-45
-91
35
-97
-66
-74
30
24
-33
-95
43
-22
60
-65
62
72
21
-76
-97
-41
-63
-70
-38
5
15
-33
-19
-61
-76
5
37
-8
64
73
68
-20
-75
-85
-2
11
50
0
-84
-14
-30
44
-55
87
-27
-89
-11
-8
-73
-11
-37
55
73
95
-2
-93
-93
18
65
-8
10
-41
-91
41
-88
-17
41
59
-4
-32
-58
-60
55
-69
26
-75
56
58
-17
96
-28
36
73
97
5
-71
18
30
18
3
38
-49
-33
25
53
11
-11
-91
46
78
-43
15
43
-52
-23
4
-27
-21
-33
20
-97
-2
-44
24
-9
5
17
36
-44
3
60
-99
-17
3
26
-68
-49
94
-64
-77
-26
5
-86
68
97
37
4
-2
70
84
62
34
47
-17
78
46
79
-25
88
40
-12
-28
35
-26
-73
-38
42
4
45
-23
-20
-55
-56
-14
92
71
67
-57
76
44
79
-68
100
17
-51
69
-81
75
-71
-72
53
-83
-87
-99
-11
50
-20
-79
-91
24
-51
62
-43
67
1
14
55
-51
8
26
-11
-54
88
-74
75
-66
95
-3
-100
-63
-40
70
76
-34
-48
60
-14
86
48
83
48
-77
-17
15
13
-38
89
-64
80
93
35
-94
34
-17
-13
49
85
-50
-61
-90
100
-8
4
83
74
-27
54
75
96
-51
38
62
-23
-59
62
12
-99
-96
-12
36
-48
-58
-90
31
50
-77
-68
-51
34
13
93
96
-78
-65
-100
67
42
5
90
67
-64
57
2
-62
25
3
53
87
71
46
80
43
34
-30
63
-36
-98
16
11
53
25
-41
-25
-61
-92
-39
-51
-95
97
-62
70
17
-28
-5
-5
-4
14
44
-49
-71
-10
-34
-75
-44
-88
33
-8
-72
-79
-68
-35
-51
-21
-19
-61
67
-45
-69
-19
20
-18
52
-64
64
86
37
-29
-35
-89
-46
19
19
50
12
23
15
-13
74
-89
57
-82
-97
-3
84
-61
-28
95
-30
-91
-42
-58
-96
-18
74
-95
-55
-50
-86
-27
49
65
20
50
65
83
54
11
-86
98
-95
30
-82
-37
-18
22
-85
-97
37
81
-63
11
-66
42
-71
-72
85
96
-83
53
24
-13
-5
-38
-71
40
7
-23
-54
77
61
-2
74
-16
15
-71
7
-5
91
-48
-91
32
-83
-2
-92
98
-16
-99
-57
58
-75
61
70
3
2
-100
-19
74
30
-68
-41
71
11
-3
94
7
-49
46
21
-3
-88
-81
-90
-53
48
-79
-88
-61
-83
84
-70
-85
29
18
71
72
-69
6
-99
-91
10
-71
4
68
-60
28
93
54
-64
100
-68
-11
-14
83
17
92
66
13
-71
20
69
35
87
-21
39
-30
-63
13
38
60
-38
7
-62
82
73
93
-53
41
49
10
-59
20
-95
12
46
-32
8
82
20
-59
76
13
40
-1
38
-68
87
14
16
83
-80
20
-60
43
24
-27
12
-52
-56
-23
-62
56
20
-32
-54
-34
95
61
49
-17
-47
87
-4
-26
-57
-62
-44
-78
-62
3
-26
46
8
15
-13
29
-49
4
35
-66
81
41
-65
6
19
-47
-37
69
-34
-41
-76
-91
-19
-72
97
41
-60
82
-75
-65
29
68
-52
46
-90
7
-86
9
25
75
-41
-18
-91
-63
-86
7
17
-3
-75
-9
-3
48
97
27
-14
-16
-79
43
-96
74
-63
65
24
-59
80
69
-41
2
81
9
53
-35
-64
58
28
9
-2
-13
-97
41
-50
64
-80
-4
4
-74
61
66
-83
-10
96
-49
-63
43
4
18
46
2
-99
73
-17
-66
-40
-79
36
-87
-8
84
-20
63
62
-40
-25
5
47
84
-2
85
-78
-35
-72
-47
75
31
-4
-61
77
78
-71
54
73
-17
-10
-66
72
-85
31
-52
52
63
63
89
13
85
99
9
58
-28
81
-71
71
31
51
-1
6
72
73
4
-40
-81
-20
95
93
-73
-1
12
27
81
45
48
-68
-19
86
-54
-32
-61
-50
-7
28
-85
23
56
-9
24
-85
20
-98
-7
27
28
14
-41
-97
86
-79
59
24
54
-63
-20
53
-1
-92
-38
29
92
24
96
-31
92
-19
76
8
-64
-52
85
-84
52
-63
-64
66
17
-93
-80
-1
-60
52
-7
-60
-96
-87
-84
42
72
17
-36
-60
58
81
32
26
-90
14
-8
-87
-32
-2
-43
-62
68
100
20
63
38
89
89
14
-31
16
10
-22
48
76
56
-86
-8
100
65
-58
21
-36
18
57
0
81
-50
80
-29
59
-90
-82
-83
-93
-66
82
60
97
51
-89
-8
-13
-82
3
30
60
-94
98
-63
-84
77
29
92
5
48
-46
31
56
62
86
-21
64
45
-44
28
-100
-49
-57
-85
-22
33
45
52
-58
92
-25
-41
-19
92
-32
-97
50
66
77
77
-5
20
47
-29
-91
52
44
38
-52
50
-44
78
82
60
-28
-45
40
75
-48
51
0
-77
56
48
-55
66
-82
-93
-76
-28
3
13
0
38
-39
5
59
-10
-100
89
-93
48
27
4
84
-97
-74
66
61
99
-38
-14
-83
47
-30
90
24
0
-44
-2
59
18
0
89
-96
4
38
-70
55
41
2
-19
-9
-98
-17
-91
18
-26
87
-15
20
-2
33
80
75
60
-60
58
-90
30
75
82
55
54
-91
39
20
34
94
-69
69
84
-63
64
29
-32
83
-97
-5
23
78
34
-18
31
98
-16
2
-34
-18
-43
29
44
100
-96
-10
67
-33
8
94
90
66
11
76
8
-34
14
-90
-10
94
46
66
48
86
-5
-26
-36
17
73
100
31
89
64
85
49
33
31
83
35
70
21
-75
98
45
35
90
-99
-87
-66
89
68
-17
-84
68
-7
20
74
13
-66
31
3
-92
72
-98
-35
-62
71
-77
42
-44
-32
92
86
4
-94
-48
-49
23
-37
45
79
31
-40
54
34
-14
12
-88
-49
-57
96
41
88
30
49
19
-86
-87
93
-74
31
93
-87
-19
10
67
3
-80
11
-58
77
-28
4
-65
-7
29
-76
68
39
37
-51
52
83
7
3
88
84
-48
-32
84
-38
39
-75
-91
83
-83
3
-24
69
66
36
55
-52
-7
42
42
-39
22
-39
70
-57
62
-16
-32
65
30
-55
-27
-85
32
-58
62
-66
-35
30
-92
-42
-94
-34
-6
52
100
-80
94
-19
6
87
7
-57
-85
-29
17
10
-42
-45
12
-39
69
-28
-71
11
-24
-1
46
-43
33
-34
41
-23
-25
56
-7
51
-96
44
-6
90
44
-43
-77
77
-47
-74
75
57
-96
88
80
-6
-87
-48
-30
71
-61
87
89
-20
-70
54
-31
55
74
-9
54
98
-27
-100
54
65
-72
79
72
-51
-68
-60
74
85
74
-16
57
58
54
-85
-71
-24
-49
42
66
68
-91
-25
53
62
-64
-2
-8
95
54
10
-68
12
57
57
58
5
45
-92
-70
-6
54
-50
-88
-80
35
49
-55
-76
74
35
68
-47
36
69
-21
-2
38
36
79
24
12
21
41
-56
-57
-1
-95
-68
-74
-64
-84
81
-12
-2
82
3
-35
-67
-19
-2
2
100
81
9
-37
-100
-96
1
81
52
-52
20
-82
-89
-7
25
-95
-27
-7
-86
68
-18
-43
56
-15
-49
-65
-21
-54
-64
-8
36
25
77
-100
-33
19
7
-45
33
-13
-71
25
62
-63
54
-4
-31
61
29
-80
-40
32
15
-81
-85
94
-80
-19
-34
76
57
6
13
40
-90
70
-8
-35
-78
-39
74
-93
96
66
-34
88
-3
50
-46
-26
-68
-22
54
35
-35
-41
93
-53
-63
-59
83
-6
52
93
-55
-51
84
-62
8
79
35
33
-63
17
-88
-32
80
59
38
-6
54
77
-82
30
-58
-60
-26
5
0
-9
8
-81
-41
81
62
88
0
-73
-99
-91
62
-61
-5
-34
-28
-31
26
-68
32
82
-87
-80
79
7
65
-79
-35
-34
-43
85
-6
68
54
70
-41
-69
20
10
72
41
81
28
22
-12
-91
4
-61
52
-70
-40
34
-13
-44
-98
-8
22
63
-71
-52
-92
-100
-27
-41
58
65
-8
66
-51
-36
-83
-63
36
-17
-8
37
-81
35
-10
-36
-87
-37
68
93
-69
-61
-83
-61
65
-97
66
17
24
6
-82
82
100
19
-35
29
65
-35
-42
85
70
-41
-22
55
37
57
70
-36
38
79
-38
76
-98
49
-39
-58
18
44
-34
17
-60
-44
83
62
-14
-87
-67
38
88
37
69
-42
86
-24
41
-36
-47
77
-76
7
3
-52
75
27
-49
46
-10
-97
-67
45
13
-96
4
95
-58
-98
11
3
-45
-90
-73
-83
-42
-88
-27
95
73
57
-17
-84
-88
8
66
86
96
-20
79
39
53
-36
21
-6
-63
-67
-74
-16
92
-98
-20
45
76
-32
-70
-63
46
37
99
-28
-65
12
-2
-29
-36
49
-42
36
-76
12
57
40
89
-81
5
-75
46
-9
55
-45
86
-64
59
47
82
19
-76
-22
-45
-3
-46
90
-74
-100
-72
-63
70
29
-9
40
-64
20
86
2
30
70
50
-55
29
30
-71
65
-20
-19
65
30
-50
-92
-43
-53
-54
-83
54
-69
88
-44
37
95
-45
-19
30
-2
31
-78
13
-55
20
-89
-100
42
88
-16
-19
-4
96
45
55
35
-20
-78
95
98
78
-93
-29
-24
-46
-93
-63
20
-27
-41
-69
41
-8
24
-61
76
60
-6
80
-58
-4
