5000
6
-45
57
57
-55
-47
-48
89
-33
48
-95
69
24
10
-59
-41
-13
-14
-27
-9
-96
-94
-57
2
4
50
48
40
-94
-31
-35
-63
73
97
-6
-52
94
13
-93
-64
-31
46
-31
-45
-81
76
-32
56
-49
12
-13
81
-30
-72
83
-64
54
57
-73
-27
91
54
61
-12
-86
-9
-79
-69
-83
6
-79
-23
9
91
36
-52
-52
-43
-34
-65
35
-59
11
-53
-92
62
49
63
-48
15
1
-95
26
45
37
78
59
98
90
0
-79
-69
87
76
-20
-52
-4
75
-84
-19
52
-71
-22
58
-21
-82
47
-62
6
40
-48
40
-99
-88
96
87
-63
22
4
-37
-27
-100
-87
82
35
5
54
-44
-96
-25
75
-55
56
-22
0
78
84
-14
24
-4
73
-1
-46
35
16
-83
-47
-31
-59
-12
-75
40
42
-89
-26
-46
-16
46
75
-11
-18
100
-7
27
-74
78
-2
37
4
-48
57
-41
13
18
-33
-11
75
62
-66
8
15
-36
-22
-72
-56
-74
12
87
-3
64
84
-30
-90
-97
-71
5
83
-12
36
99
100
-45
63
-20
-51
14
-8
86
78
32
-15
-24
-67
21
18
-8
24
30
-6
71
-25
62
-83
40
-92
-42
-60
55
-83
-91
-95
97
-51
-34
71
75
37
-5
-64
90
92
-26
44
-75
-40
-86
96
-91
50
-37
59
-65
-95
-98
-82
85
-63
19
2
-28
-18
-63
5
-48
-25
-19
-64
-6
-26
-13
-37
21
84
77
2
-95
29
5
-29
-21
25
55
-70
34
-98
-72
-23
17
-4
-83
55
-75
7
52
-23
-20
70
-88
63
-29
-29
97
-92
48
94
-87
-86
-81
96
0
87
-7
-92
-54
-62
-100
32
82
-49
-80
-30
-78
-51
-98
23
48
-19
-42
30
-80
32
28
-68
-14
0
10
69
96
-41
69
88
-54
77
62
-22
-4
48
-37
54
-60
86
-98
-95
-91
8
-15
-48
82
-99
-59
-85
52
-93
2
86
-78
58
-17
-9
-30
37
24
-34
37
99
-4
-50
-81
-98
78
-64
25
-32
-84
-34
93
-91
-30
68
55
-54
17
99
-25
-22
1
-19
31
-41
-98
72
13
-81
-97
85
-99
60
-95
38
-11
-86
-33
-36
-61
-89
-92
90
91
-53
-31
40
-14
-7
-61
19
69
90
-37
-8
9
-91
-89
-80
36
33
-92
-24
-87
100
-83
94
-98
60
-38
-48
-65
-10
-74
72
-9
-52
-85
-93
-7
70
-65
73
32
-64
89
-62
-64
-85
98
-73
30
94
86
-96
-32
-42
32
26
-2
-59
45
-60
-71
60
84
-3
-91
-8
-61
-49
-40
-10
64
0
-34
99
44
86
42
-77
99
-70
-58
-43
47
-32
-65
-35
-19
16
-35
34
-23
-13
51
11
32
-26
64
59
-57
-11
72
-95
-45
60
-18
97
-78
97
47
18
-100
-41
-96
65
74
-90
-22
-10
59
-82
31
-54
54
-28
-24
-29
65
25
98
22
99
-17
-90
-55
-18
-44
21
-8
79
20
-84
-27
45
-26
81
-16
48
-26
7
-51
98
72
36
-32
71
-39
69
-83
84
37
69
-8
38
-48
-85
56
56
-81
-68
4
25
-60
47
0
-58
-31
-74
92
-24
-33
2
39
78
92
-99
80
-96
53
31
93
66
-55
29
37
90
-4
-43
56
62
-1
19
14
6
49
-86
55
-27
58
28
-79
-99
-76
38
92
-68
-90
37
-75
92
-4
-37
-32
18
14
13
89
33
-42
-62
-9
72
83
61
-26
-86
65
-2
6
-15
-43
82
-17
-59
-83
-15
85
14
43
100
-29
-85
92
73
-24
-55
91
86
29
-4
39
67
-62
-64
-40
84
29
-84
44
95
58
27
-54
51
75
-76
27
-64
1
-79
-39
-61
-98
-50
-92
-31
65
73
-30
38
-75
33
19
-64
50
-6
45
88
35
50
60
92
62
-95
-41
78
41
-20
0
72
81
-21
78
-78
44
97
-60
-97
-14
-87
-41
-3
-4
28
68
-41
-48
-55
-82
84
-44
85
-90
-45
99
-49
-64
31
45
-57
16
31
64
18
-58
-80
84
-7
-68
12
42
53
-33
1
-23
-56
71
-9
-17
61
-58
-49
75
-83
98
-39
69
64
-12
68
100
-33
97
45
40
2
4
-90
0
34
9
83
30
-36
4
41
40
-100
-82
-99
-80
2
74
-20
99
-72
14
-64
89
-36
15
-34
-70
0
-22
0
28
13
38
20
-27
-78
28
-46
-79
-48
-1
-33
-26
-37
-21
3
-79
-22
-36
71
97
-90
65
-94
91
8
-43
-58
69
-29
4
-3
-9
-47
-26
7
73
50
45
94
-29
75
99
5
-32
-14
32
7
5
26
-32
-20
21
39
59
-50
-64
94
94
31
76
-20
-99
-20
98
-89
24
-72
-8
-3
82
-59
-71
-99
-33
20
-23
6
42
29
-55
-50
-54
28
-76
2
-53
12
-94
-26
-63
36
61
18
-78
-62
2
96
40
-35
60
21
55
-25
-89
93
41
-36
-81
46
-94
41
85
34
-56
-17
58
-33
0
-33
-45
37
-25
43
82
44
11
81
-1
-100
-66
-41
-6
19
35
-33
53
-8
-53
-40
49
-43
-78
-13
67
7
56
49
-9
-15
-72
21
-38
-30
22
59
-47
-10
41
66
-6
87
-53
46
70
5
-63
59
39
24
-4
-34
99
80
-72
47
-6
-67
-78
-25
61
19
99
90
36
20
-56
-76
22
49
-67
-47
50
7
-20
-73
62
-44
68
34
66
-10
-14
97
73
17
57
65
55
-58
63
34
-11
7
-41
38
80
18
-13
57
10
56
-20
15
99
97
-77
62
-48
-75
-38
53
81
-48
93
26
59
-57
92
-47
69
-28
-17
54
17
37
5
-98
49
0
82
-94
70
-45
60
-86
46
71
82
86
-1
24
32
-11
-44
0
6
97
-69
91
-92
41
40
72
53
45
-31
27
42
-26
23
-65
40
-46
90
-58
-39
48
-38
-72
97
-87
95
-29
-41
8
-91
3
-88
90
16
-22
-36
-87
-42
-38
-34
-5
-59
83
15
25
-22
53
-48
-31
-42
10
34
-75
39
77
-31
63
-9
-68
37
-46
-11
29
41
-1
26
40
76
-96
43
56
81
6
18
-17
-94
-35
15
-23
86
37
-22
91
-92
55
19
-85
-88
-70
-49
-62
-49
100
40
-64
40
-61
-16
-53
-28
13
98
-37
44
41
38
32
-49
40
-34
-55
22
52
-53
82
-48
96
-25
79
-39
-78
-20
-39
87
86
-30
26
-39
-81
87
42
-6
-69
21
10
25
35
-6
-11
-82
-80
62
76
50
30
-53
55
18
74
-77
-45
-36
-92
-50
-59
56
-80
-32
-79
-24
26
-88
-33
89
61
-96
-88
-10
-25
-33
-48
97
-43
-94
-39
35
90
-28
-47
50
-8
-28
-38
-69
14
80
65
-97
28
-84
-60
-86
81
-68
-79
92
-93
-84
42
-20
-98
-93
99
-22
78
-75
-55
94
73
-18
38
37
-34
-26
30
-44
59
-74
-41
-27
-74
85
92
67
-57
-47
-50
-34
-72
-58
10
50
10
-73
-59
96
61
81
-7
76
4
-19
97
49
86
90
68
15
69
44
-62
91
43
-56
19
-60
59
21
69
-27
-48
-57
84
54
42
-22
-86
77
36
-48
-5
-40
59
-52
76
-59
83
64
16
32
100
-19
-50
99
55
-34
-30
-54
-35
22
73
-58
45
11
-7
-13
49
78
-28
43
95
-86
-24
-69
-91
-52
84
-2
-46
-54
-19
22
69
-47
-21
82
-6
-40
49
-70
-59
84
29
12
26
69
19
14
-3
-50
68
-93
75
-95
61
-72
20
75
62
61
-31
-68
-86
74
22
84
-3
67
-23
-16
63
-30
-64
48
-8
57
99
-45
37
-86
-92
17
79
-64
-43
-55
-31
91
6
-70
4
87
82
-87
10
54
-9
-84
-23
-72
57
-60
-4
5
10
1
2
62
-53
9
-34
-20
42
44
-52
37
-54
-56
-6
-66
96
59
-88
-25
3
72
87
-44
50
-60
-36
74
-95
69
32
-30
-33
-20
43
-86
35
13
96
-76
4
-5
41
46
99
41
49
-5
71
19
96
-91
-69
89
-3
100
-50
-70
-21
43
73
27
16
71
-90
59
84
15
81
-54
-85
31
59
85
27
-51
-3
60
88
58
7
16
-6
-56
89
-97
-92
-88
78
62
-59
-10
-46
34
67
93
83
-23
-91
-78
-96
-11
-49
-69
-62
-39
-7
31
-16
52
37
-89
28
36
18
53
-41
-87
49
-58
-43
-19
5
-4
95
67
33
-79
78
46
-26
81
-22
46
87
-44
-5
-67
79
19
32
-44
58
2
-30
88
79
48
-17
63
70
-49
10
47
-64
-20
34
41
-72
-57
-27
49
25
99
-50
10
97
96
97
-48
66
-19
78
33
32
-84
53
-11
-92
-6
67
42
27
-33
-10
27
-50
-95
-76
87
0
-90
17
-34
-5
57
-58
-27
-96
-24
-90
7
-47
65
-80
39
-81
23
-66
75
69
-71
0
83
98
68
83
-83
-45
39
75
-94
-51
9
-1
-85
-67
-24
7
-79
-48
-58
-19
-60
-18
76
-43
-16
-10
98
32
-27
-41
81
-48
-48
-25
1
-80
50
68
0
-12
16
99
56
61
-52
-10
-43
-67
89
-96
-91
-45
63
20
40
71
-7
-72
8
12
-84
59
-14
-20
59
-21
53
-18
83
76
-81
-87
-51
84
49
-11
-55
-31
-64
-50
-27
-90
-75
56
-86
-33
59
-94
-77
-4
3
3
93
59
-74
-50
-89
86
-44
82
66
65
9
9
57
42
89
8
-33
-42
-67
-58
-78
18
63
-89
48
-94
26
-12
-76
-90
38
98
-74
57
-53
-26
67
-97
91
63
-64
-41
-22
-20
-53
12
75
-52
62
99
69
0
41
-92
85
61
-34
14
24
13
9
-29
23
-17
-12
36
50
89
57
-22
79
-85
37
-66
-13
64
-30
35
-68
-88
-2
-33
44
-95
-87
-45
-73
-13
-41
70
75
90
-16
-20
-38
-10
-93
61
-20
74
86
-100
38
-87
-98
-100
22
-21
85
-51
-40
-95
-80
-46
-24
21
-96
2
-84
81
46
-19
-100
100
18
-9
5
54
46
-66
-75
-61
94
44
75
-50
11
-63
100
51
67
-48
-47
-21
89
-20
13
38
5
-76
43
-68
-49
36
10
88
-45
-5
38
-86
-45
-63
65
-62
46
-98
89
20
-38
61
-34
95
-55
34
51
-31
64
80
-77
-43
-96
12
-91
-67
62
-72
42
79
-62
-66
-3
87
64
26
-7
81
89
-82
48
-25
-6
-65
76
83
-27
47
-72
75
54
-72
-68
35
-22
65
-22
-17
-41
-36
97
82
78
-52
3
7
77
-94
-28
-49
-7
-96
9
-61
73
-66
45
-34
74
79
5
20
65
63
-99
42
73
62
-12
47
-59
82
-53
49
63
61
31
-47
-37
-67
-15
-18
-73
53
81
-17
77
-55
-70
-14
-82
-59
-26
76
39
51
-56
-100
83
-78
79
-66
85
44
81
-9
76
64
29
-93
-18
96
57
-40
-100
-58
-52
70
-19
2
30
67
28
-12
-91
4
-15
-90
5
-4
-10
-80
40
-55
21
-36
74
36
-53
53
77
54
11
-84
-79
96
-39
-61
99
42
-78
72
-5
45
-45
22
-35
8
-2
53
-37
93
-15
59
38
-34
-84
-17
-90
97
79
-65
87
84
19
-15
-78
65
-39
-82
13
39
27
10
-32
25
-18
82
-29
-22
26
-92
-53
-69
22
26
-71
27
-59
37
79
37
3
82
34
28
-51
97
-82
-28
-41
-49
45
-1
87
-75
-13
-9
62
-67
11
-14
-63
-98
71
-71
-15
-85
-64
-35
-78
-71
-58
-91
96
65
-86
67
68
87
39
87
-2
-48
61
-58
-8
78
-93
-22
-43
84
1
86
-30
58
-97
-38
-59
0
79
-18
-35
93
27
-32
90
47
-64
-36
50
18
-17
-43
40
-77
96
-85
-32
-7
57
35
-57
87
-94
-24
-81
50
2
-37
34
61
-88
63
-2
44
36
34
-81
-46
69
-74
14
-82
65
-86
73
71
-60
-99
-10
87
-99
50
-10
54
39
39
93
89
12
-62
-69
81
11
51
78
48
30
-13
-55
34
57
79
19
36
30
62
-46
13
-41
-3
81
19
-86
59
-27
99
-34
-23
77
55
39
-91
8
-26
-100
87
-56
-32
-98
-50
-100
65
97
81
63
50
99
-86
-27
80
51
-67
-92
-8
59
-80
-86
-21
16
-65
75
100
-78
12
-15
-12
-12
-86
7
-86
81
74
-97
-22
55
28
98
-88
77
63
-51
27
37
35
-27
60
-5
90
48
-42
79
-98
-60
58
91
-62
-39
10
-95
-7
68
4
7
-24
-59
-31
-75
-3
67
-82
-25
-61
79
-32
38
38
91
-92
59
65
22
61
-14
76
65
-98
-72
-60
79
36
-6
57
-25
8
53
14
24
69
82
-26
69
13
80
-5
52
9
18
81
-47
-39
37
-6
88
90
-80
49
13
66
-14
-30
-96
66
-3
-11
-21
-3
-21
47
-98
-71
-68
-13
70
56
66
0
-32
97
41
3
-76
-32
26
55
67
90
40
-90
10
36
-94
41
13
-75
-63
-31
89
19
51
-11
77
46
24
-74
-82
99
57
87
-1
-84
67
-44
-16
96
-77
97
-83
12
31
95
-94
-46
-64
75
-47
46
99
46
77
35
-54
-99
43
89
60
-44
-92
85
-48
60
15
-77
30
84
-33
48
11
-5
-66
74
2
38
6
31
-39
14
73
-89
25
51
-35
-43
43
91
-83
-78
-97
-35
58
40
98
-24
29
80
-93
-20
-40
-11
8
-76
6
-80
29
1
-27
-7
-46
67
-68
-67
-1
-35
-65
-37
43
78
59
-22
-66
12
-35
-62
-99
-76
-100
-44
30
98
-64
19
-65
-84
2
-9
78
32
-11
81
50
78
-39
42
-6
-42
40
-59
96
7
86
73
-40
28
8
55
-23
-10
-7
22
-39
-52
-9
19
38
85
-60
-75
-24
-75
46
10
48
-44
-78
35
54
-41
-88
79
42
63
-38
99
-96
-19
-54
4
-19
42
86
42
74
-90
-64
-89
46
-84
-66
88
-66
-32
-87
-96
33
-64
-35
61
-11
33
-17
-58
30
-59
-71
75
39
17
65
-50
-92
-84
43
99
-96
74
29
84
78
-94
28
-18
22
2
-86
40
-97
89
55
26
24
-51
-94
45
-63
-21
-43
82
-47
48
-40
-68
58
71
9
-59
90
83
1
92
-77
-64
-32
50
-55
29
-48
-45
70
99
-14
-80
67
-81
-99
12
58
-28
17
-87
-40
54
-82
-40
55
-13
70
12
39
6
-56
-32
-42
72
88
-48
-35
-40
-91
25
-57
-67
-34
-56
5
100
100
-4
-42
-29
99
-33
-54
-33
-50
-72
-18
4
-33
31
1
-40
-72
-92
-33
-31
-82
-42
-74
51
-57
-92
-44
33
-31
88
-11
14
89
-3
82
-90
-3
8
37
-14
-27
22
-5
12
-39
-79
-45
-15
66
-55
-91
70
37
21
-52
40
72
78
-80
-43
90
-100
91
80
83
19
-3
67
2
24
34
2
-92
-33
-74
-67
91
44
56
38
28
51
-26
-81
0
-31
-97
2
31
45
-14
-52
3
53
16
84
-10
-79
18
5
32
-68
-70
37
29
19
-8
-62
12
-94
-28
-94
-62
92
-65
31
78
-91
-99
57
66
41
-77
94
35
82
-9
27
63
-15
-19
-79
-59
-50
-33
1
77
-67
-65
59
-38
-10
16
65
66
60
40
-23
-76
6
70
-98
81
47
69
-68
14
26
-42
65
-88
90
23
8
-59
-59
42
-65
65
-5
-65
15
34
-51
33
5
-8
-78
100
-61
34
24
-7
99
85
-8
18
-63
81
51
-17
65
20
24
22
87
-65
-90
74
8
-88
-3
81
-87
8
-43
-48
-17
78
10
17
20
82
-12
-61
70
-43
76
-13
88
-54
-46
-22
-25
-59
-3
64
70
-100
-75
42
74
99
14
-62
-64
-33
95
98
68
38
-94
80
-72
61
-92
-78
36
-59
-44
44
-65
-56
-6
65
85
-30
100
25
43
-80
-88
-18
78
-14
63
-6
26
-57
6
-45
-45
26
-11
39
-97
88
-96
8
-44
40
67
-10
94
-14
-16
57
-10
88
-66
-52
88
67
100
39
84
7
-87
-38
-95
87
-47
6
-39
-45
-34
13
9
-46
-48
9
46
90
-79
-59
-51
87
-70
-44
43
86
39
33
43
29
-70
28
79
8
-44
-11
24
-93
78
-12
-62
26
-14
52
5
-33
17
59
-93
33
85
-19
-21
79
-77
100
-72
31
91
-63
2
92
92
-23
29
29
89
51
29
98
8
-46
5
95
-60
-71
-29
3
-21
98
63
-56
91
-75
-1
-73
-75
-46
44
81
73
47
70
-66
-30
-75
-85
-68
42
-46
-44
-75
3
88
94
78
-15
15
-66
-30
13
91
-82
80
33
24
8
95
81
-58
-50
84
-66
-11
-77
-69
-84
-77
-49
35
39
64
-58
22
41
59
39
36
-3
0
-21
-49
99
55
22
62
-59
38
-17
-25
-69
-23
13
32
93
-55
83
-100
40
-51
100
24
-21
-56
49
25
86
-85
-1
9
58
59
29
-33
61
2
53
35
-21
-92
-70
41
-97
56
-3
-53
80
86
5
16
16
82
-89
41
35
8
21
71
31
-3
79
-56
30
-92
-59
57
-85
-40
-91
18
-63
40
24
-49
51
32
9
23
71
93
-82
67
-86
48
-53
-24
55
-52
100
-2
-35
34
7
-21
-37
9
30
73
80
5
-100
-72
-84
-5
-34
-17
68
-1
89
15
11
-70
-34
-9
-86
-63
-25
-55
65
35
84
-18
56
52
78
59
-71
-97
69
-13
-33
-27
62
49
72
75
82
-46
-70
71
-54
-17
-93
8
-22
14
64
-6
-8
-59
-29
-71
-3
-17
71
-18
-44
100
-14
-78
79
-30
45
-95
-33
39
75
-93
-62
-85
12
-59
58
-83
69
-42
76
-5
31
-64
34
78
34
-6
-65
65
85
-45
20
-42
61
7
-86
-93
-63
-11
-41
-17
-25
64
-61
-48
93
-84
-66
-29
-91
-14
48
25
88
93
28
-21
-96
63
11
14
-5
13
-73
-86
84
-11
-28
8
-52
75
35
97
19
55
-99
-6
16
8
33
55
-3
-36
-51
-15
-18
37
98
60
24
-51
-38
32
-4
48
90
80
-16
22
55
-26
-37
42
-12
-69
59
28
-50
41
13
-63
-15
16
-54
89
-54
-73
7
88
-16
58
19
-11
82
-45
63
-77
17
0
67
-53
6
-61
1
-53
53
-91
87
29
-68
-79
-9
-67
94
56
26
74
26
60
-28
-4
-39
-46
-24
74
-24
32
-25
-50
-93
-2
-99
-76
-4
87
46
43
69
54
-97
24
56
65
-7
47
-100
69
-6
-37
-47
26
-77
57
-58
10
-36
0
25
69
-79
-63
57
25
37
15
60
61
-83
-84
52
31
43
54
91
10
-27
-94
-28
-37
41
-77
-90
-79
6
-84
-15
79
-78
-3
-41
77
41
17
-24
-63
79
-62
28
-56
66
-57
-26
0
96
-47
60
-17
-55
-50
51
77
74
85
-9
66
100
82
-15
-78
23
60
11
39
18
20
-52
-13
5
-22
45
-15
98
71
89
39
-74
70
75
43
-46
-95
-23
91
39
76
-85
1
72
-12
-27
60
58
53
-23
-5
-6
-22
-43
60
3
57
-40
-65
-29
24
93
-91
14
-13
65
29
36
21
-94
77
-64
-18
32
-15
1
13
-39
-43
-53
47
-9
0
-40
44
60
-43
-93
59
23
-51
-19
87
12
70
1
3
-51
68
54
-90
-63
-57
45
24
-11
39
-75
-63
-89
74
46
-74
-52
36
15
23
2
74
-60
-20
-58
86
93
-12
49
-18
95
2
-93
95
-4
86
-84
-72
48
67
51
-1
26
-100
86
-51
99
67
-12
78
-49
19
34
-99
-91
82
6
-10
89
20
-2
25
-67
28
-3
-46
-25
-26
-27
47
96
23
98
-81
29
52
36
-79
89
10
30
-66
54
-72
-63
93
-43
-25
-15
4
46
-31
-5
60
99
-23
-35
-17
59
-21
-94
94
-26
-50
-60
24
-8
29
-83
70
30
61
7
-40
12
67
-88
-31
-58
-81
-40
97
-12
-35
71
-30
72
-17
-90
27
72
-97
-21
84
86
-47
60
76
67
31
-8
57
-88
23
-77
-28
46
-37
85
39
-92
-78
-97
-4
29
-23
39
-37
80
-7
91
80
-21
-27
54
1
-9
27
53
76
-76
49
37
85
-27
71
-50
-94
-14
55
-66
6
-18
49
-30
-83
84
74
-77
67
-65
62
-75
73
6
-21
67
-78
92
-59
50
-85
50
99
-83
56
-6
35
-36
41
51
-7
-35
-22
59
-81
18
85
-18
42
48
-48
26
99
21
7
-15
76
90
-23
93
54
-97
59
7
-20
-94
31
72
-17
-16
85
-27
-89
47
86
-91
-79
-27
-79
71
-2
-66
-32
6
12
-26
82
40
63
25
-96
59
-46
21
-47
30
39
-51
-51
75
-83
-30
99
32
27
14
-76
95
-12
-20
20
8
-64
86
-74
0
-93
11
36
26
51
-62
91
-72
-80
-10
39
-17
34
-9
14
-26
-96
36
82
39
96
-6
19
48
4
-63
11
-30
13
-15
77
-39
-62
-59
-36
-92
-77
21
49
48
-9
2
-63
-20
98
-66
-49
-96
-90
-57
-32
91
-68
65
-92
-57
-86
5
-53
-38
-76
-14
90
86
17
-75
12
70
25
16
-39
65
77
-100
-61
41
-15
-69
-52
-79
4
86
-99
-83
-11
-17
-62
-7
84
-12
-30
8
57
-42
-77
-50
-69
11
6
75
27
-38
66
70
-21
-61
44
-80
-3
-39
-40
-57
-90
88
17
-32
13
-81
79
-95
78
80
29
-7
-72
27
18
92
-96
72
67
-99
60
31
-98
-80
51
87
77
35
-74
81
12
-3
-78
63
58
86
-25
-32
51
-94
-10
-100
3
-26
-29
94
43
-91
63
-15
-91
-14
73
50
-28
-72
-83
15
54
85
16
69
16
-31
-10
33
-19
66
-87
-29
59
-44
25
-70
37
-98
-51
80
-80
-29
-75
64
-28
91
62
42
-4
89
49
-38
-73
11
-45
99
-18
-66
-31
-26
20
-31
-6
-72
79
53
92
-86
-58
77
-23
-27
31
-43
-63
72
-79
-93
27
73
57
-29
-47
-70
-86
68
-15
-81
-60
-18
45
-12
-41
-30
6
36
61
-58
16
-29
11
85
4
-30
-92
-23
49
83
60
-31
-30
-93
-41
-6
13
6
-29
-25
-92
38
-97
-74
25
-82
-31
87
70
-86
-29
99
43
98
82
-97
-60
-88
-24
60
20
-97
-45
4
-20
43
92
43
96
-16
59
-4
93
-62
33
-72
-23
53
89
67
75
75
27
-31
97
50
-50
2
91
42
54
93
33
-87
-78
85
-13
-96
-82
-1
63
27
65
12
-99
32
30
55
17
60
-69
62
-97
89
-55
45
74
58
-73
34
97
-75
-62
-19
-2
-42
61
-33
-72
13
-81
78
-52
16
87
7
96
39
-85
-93
-33
18
40
80
-63
49
56
-51
-99
-57
-22
-49
54
-95
-5
-48
29
76
-3
38
-74
-6
-75
-7
-39
72
55
57
91
-10
-17
-80
74
32
-16
31
-66
95
-35
-25
21
71
-4
50
26
95
-71
-59
28
66
87
94
-45
24
44
-77
-72
-28
22
32
50
-34
98
-69
-69
-63
86
-24
92
43
40
-38
28
95
-98
-2
-77
-35
37
21
-25
67
20
48
70
85
-92
5
83
-12
-98
30
-86
-40
67
-9
-12
22
12
19
1
75
-64
82
-98
93
-31
40
-8
-34
56
39
-7
-5
92
-61
-79
-20
75
-49
-71
-7
-93
22
40
2
-22
-23
-24
-64
81
-20
-38
-94
-90
3
-48
-58
-87
9
-21
97
34
75
58
-98
94
20
-56
-94
-75
-4
11
-86
7
-23
30
57
-70
21
-5
77
43
2
68
64
-50
0
40
-36
-6
98
43
0
85
33
70
-96
-83
63
82
93
-82
65
-86
-10
-96
10
-33
-74
-3
44
-44
1
8
66
37
-57
-88
18
-3
57
-60
-25
-74
-17
-77
89
63
-35
51
2
5
-49
60
-63
-90
66
-60
-85
40
-92
-32
69
-16
-84
-84
-51
-58
43
4
75
68
71
-88
-2
36
-14
49
27
-39
-24
-95
35
88
-5
15
-9
91
-44
-53
39
97
81
74
-92
23
-22
-26
35
-33
-11
87
-19
73
64
49
51
-15
26
83
-84
-62
34
10
-99
-99
-64
50
85
-68
-9
-81
-36
54
-53
59
52
-89
-3
92
-59
48
-73
100
78
48
-81
27
-25
34
65
35
-1
-82
48
81
68
-3
21
-50
-95
-50
-72
83
11
7
-35
-53
26
34
-14
74
-44
28
-22
-15
55
-16
22
18
-44
70
-21
79
78
-67
-19
19
62
-56
4
58
37
-39
-47
-46
-75
53
-29
-31
-44
75
-19
51
-71
-75
7
40
50
-38
-93
41
-39
-63
71
-6
-20
-3
90
-10
54
46
-7
-29
-88
-10
-98
85
91
-14
-75
26
12
-29
63
42
-94
62
22
32
-55
-2
49
66
-93
-28
-57
47
51
-1
41
-42
-100
-37
14
93
-44
-89
-75
22
-4
9
100
81
73
76
-27
21
9
84
-18
0
49
72
-73
56
-73
48
-79
0
17
-31
4
5
11
8
12
6
5
-81
64
25
-49
-10
69
85
-26
67
84
61
-97
-13
-99
97
65
41
96
10
-72
20
43
-98
52
-87
-15
-84
33
-82
83
-5
79
-26
56
-86
5
-10
78
70
-48
27
-2
53
-14
-75
60
-53
-87
-99
86
42
-76
-77
-76
-2
-83
36
-60
-54
76
-53
11
-29
8
-2
25
-46
60
-56
94
-16
33
-55
-92
8
-38
66
-34
32
-24
-62
69
54
68
19
49
-78
-82
8
-79
60
-43
12
-63
-18
-99
76
78
68
76
-70
27
35
-14
67
37
-17
69
-44
93
-59
-70
85
48
50
64
25
-60
77
81
-75
100
16
-67
82
88
85
88
97
48
-3
-63
95
38
-49
-98
-12
-25
97
18
57
-41
63
97
-84
-89
100
-87
-91
-99
-84
6
8
92
-56
-8
100
-16
23
-36
-46
-19
-40
71
-83
60
16
10
65
-72
-21
-64
60
89
29
-84
-59
9
-23
13
24
-55
52
45
-46
27
-90
36
-78
-46
48
27
72
-1
-54
-69
-44
29
82
-16
9
64
99
52
74
-16
-98
-41
-40
77
