8000
-36
-80
-58
1
-94
54
28
-15
19
-7
52
-95
32
-88
-41
68
45
-79
-34
41
-51
34
10
14
80
93
-99
-35
79
-4
67
-26
-31
48
5
-87
-10
62
-66
-39
53
55
-97
6
-18
51
59
86
-62
9
66
-15
-88
-34
66
71
57
-4
-32
-61
59
20
12
-41
-23
63
-51
75
94
73
26
-46
-67
22
-15
-62
67
-76
-71
6
42
-8
78
35
-63
-1
72
-69
-15
46
42
80
2
47
-49
-7
-95
-21
-19
38
19
25
-66
-53
51
43
11
-11
-41
6
60
92
-1
-71
-34
-43
-65
100
-53
19
-32
86
23
55
93
81
-92
-24
43
22
-77
85
78
-76
-58
88
26
-29
84
-3
-44
-75
-91
-91
-79
41
-43
-92
46
-33
-73
81
-86
-33
60
5
82
31
-37
76
9
-68
-72
69
48
-27
38
-29
-66
-22
-15
44
40
20
-8
-78
52
26
-3
-97
29
-92
-13
-24
-98
49
-67
-67
-63
25
73
61
47
13
-74
-68
68
-70
-92
25
-49
94
-54
-95
-7
68
-42
-97
46
64
-4
-79
45
-67
44
31
26
-68
-64
91
-71
94
-43
41
83
80
86
2
94
83
80
-23
-19
4
-45
32
93
-2
-81
44
-85
47
-83
-4
-9
16
18
-34
-15
-33
73
-17
-97
56
33
-9
-14
60
-63
-70
80
-52
30
-76
6
5
81
-27
-74
18
60
8
95
44
33
-52
61
-19
-47
72
79
40
-13
24
-56
100
61
22
-53
-71
-68
61
-63
-28
2
-65
-37
-21
-36
-21
99
-10
27
-93
88
84
-17
-9
51
-33
16
1
-47
18
-94
-82
-28
13
-36
51
-36
-12
-79
-8
-26
37
-26
83
-66
-2
-77
-41
-71
-91
83
85
-94
-55
44
-64
9
10
-30
-59
22
58
91
-21
-78
19
70
-72
-2
15
-51
-56
-89
95
58
-48
95
-22
-38
46
97
-25
78
-18
98
-58
47
69
86
54
-22
-87
73
43
11
-58
-5
56
30
-85
-95
27
-33
-36
-60
-52
92
-17
-43
-56
64
-2
-70
72
-87
57
-53
61
43
-94
20
55
38
-66
87
-52
15
67
54
65
85
-49
94
80
-43
-89
-65
-73
97
57
56
21
-75
-40
-10
95
93
28
-90
36
16
-77
35
-81
-40
-36
-26
26
-95
75
65
-98
81
-74
60
52
35
-51
-58
-9
77
0
-81
31
-50
-79
47
73
-50
-30
-59
-85
-18
-92
-28
-10
33
16
-67
32
77
84
30
16
-49
-61
-91
98
-48
79
-47
95
22
100
23
-48
55
-89
-69
50
-6
-1
33
-57
81
54
-84
-66
46
12
-19
-65
49
88
22
67
-79
93
-69
3
-97
40
-24
-34
57
-21
76
78
-55
17
-21
-46
77
-33
-65
-24
-17
27
12
-80
49
3
16
-39
-59
-34
-61
-59
-57
-51
54
-7
-66
3
41
-86
-42
-57
-18
-14
-57
-46
70
76
79
47
-10
-75
-57
1
-97
81
-68
-92
16
-18
-23
16
-50
4
60
-27
-86
12
-36
76
-19
3
19
-89
37
13
70
-1
80
-56
66
48
25
-76
-10
-54
-88
62
9
-75
16
92
96
89
-80
-93
3
47
-68
43
-64
27
33
37
-60
96
-56
-22
-99
-32
-91
-93
80
24
-26
-6
67
9
65
38
70
-25
-69
-24
14
-36
95
-9
60
54
57
-72
-97
75
52
-19
-43
-62
88
93
56
28
3
5
-26
22
4
96
-23
84
-58
16
42
-54
66
-28
0
33
-35
-71
66
2
71
63
54
54
-2
-9
47
45
-89
-39
22
59
-32
17
-58
-59
49
-99
26
-26
66
-43
99
1
-95
84
-61
59
91
29
-8
-60
-53
15
10
-30
-93
58
51
-16
79
-13
-11
59
33
85
82
-53
29
-21
-100
-58
-79
27
-30
-60
7
-35
-36
51
-75
60
55
-82
14
18
-4
91
98
3
-79
-93
-53
45
-18
-33
-60
-79
91
-55
39
-63
-76
-92
-49
-36
-87
33
-75
35
-48
-26
-8
-97
62
59
-55
-84
7
38
1
-36
-91
24
-60
76
-92
-32
-31
55
33
40
13
49
-70
89
9
99
-9
65
9
95
-69
-96
-29
-44
6
-75
71
-79
-13
-39
14
28
-95
57
45
-41
-76
-89
-51
-2
-12
67
57
60
0
-84
91
22
-64
-47
7
-78
-1
-58
95
-52
21
-36
-15
13
2
-45
88
-90
-6
71
-11
67
53
65
93
61
37
64
-75
5
-60
63
-87
-13
8
17
-19
-24
84
50
-95
-2
-93
86
-72
-57
51
90
39
86
79
76
12
1
44
68
90
-45
-79
-5
34
-83
11
-19
15
10
-88
-54
-45
76
69
-90
73
69
-72
68
-52
-79
-63
-25
-72
21
-7
-8
-14
97
-77
41
-37
-27
32
34
-32
-94
-40
-74
27
-91
24
26
-25
71
53
-95
37
69
-24
45
43
3
-37
55
45
-49
32
68
-86
-81
-19
42
60
86
28
45
64
50
-100
46
75
-66
71
-88
57
97
-81
-37
-51
8
65
-84
-41
93
93
2
44
60
79
-8
72
5
90
91
11
55
21
78
-34
-33
6
-51
-44
84
31
57
-54
-31
-22
-78
-48
-21
-100
67
35
-35
-64
53
44
44
14
-45
29
82
13
-89
60
77
29
-43
-24
90
-17
-10
0
31
-27
36
44
-57
38
69
7
91
-23
44
-31
-23
32
-44
-50
-63
56
-34
35
-92
15
74
17
-12
-59
59
79
-1
-15
96
12
-71
-14
-17
-91
-94
-77
-63
-40
-83
67
-65
-44
-89
86
-6
-4
3
-66
-44
-88
-78
11
-1
73
-76
42
-91
-4
-63
-32
-18
-62
-11
-15
98
0
-98
-11
27
-49
-29
2
-23
-29
7
-66
-81
-1
76
-16
-27
87
17
37
68
61
-69
-42
-53
68
86
19
69
29
-88
-85
3
41
-52
30
-65
-70
79
56
-21
-15
-84
-56
45
-73
12
10
80
48
-45
89
-29
-36
-64
39
21
56
-79
45
27
-3
82
-71
53
65
93
79
61
96
97
-10
-87
61
65
-6
-17
-13
31
96
14
-62
1
-87
84
-82
-57
-94
32
-52
36
100
52
-19
-99
87
57
32
60
15
3
100
-38
67
-70
41
31
-36
4
-79
-54
26
-96
-99
7
-57
-9
-11
-16
-75
-62
20
-51
-49
62
-15
52
-18
20
-24
15
-87
-3
-73
-14
97
-93
50
87
-47
-94
15
-77
-85
85
36
17
29
79
43
95
-66
-23
-63
96
-58
-80
13
-37
45
-22
-47
-95
-45
-15
90
-93
24
-69
-92
72
19
-75
-67
-46
-25
-46
-94
-41
57
6
57
74
5
24
31
83
64
34
-92
30
-49
77
-83
24
37
70
24
91
-67
76
-68
-29
86
51
19
100
-59
20
12
0
23
-86
55
-44
-10
-41
79
-8
-9
-23
86
80
49
-33
-52
16
-48
48
38
39
-48
61
70
-90
67
23
-40
-87
24
-70
29
-70
-18
-26
54
-8
-15
83
-4
-58
0
72
-78
40
56
37
-74
-87
-14
83
-25
61
71
68
-41
39
-63
-60
-8
-29
-45
14
25
-76
-21
65
89
37
78
-19
31
-75
-3
51
-64
-39
-58
87
-49
95
19
-55
36
-12
33
-76
-19
-89
-82
-33
42
-1
-80
0
-98
73
-41
-37
14
66
30
70
-74
2
-45
12
49
64
46
37
-39
-55
40
90
-72
-53
-71
-50
31
-33
-31
-64
-24
89
38
30
-93
-57
43
-7
-93
1
-19
-39
15
72
21
33
-62
71
-82
62
47
93
52
46
-56
-17
-7
99
-8
16
70
16
-3
75
62
74
57
43
46
-63
-31
83
33
-56
22
50
-7
-82
13
-37
77
10
-77
78
54
-51
-77
-11
92
-86
-81
-54
-18
46
-13
21
27
-83
-78
9
1
-1
-11
-99
-95
39
32
-71
74
50
90
-90
1
88
-24
-84
3
-80
-96
-40
10
61
1
-42
59
-68
-87
87
-92
-51
-81
11
62
57
-96
91
-34
-87
100
80
11
28
96
50
-66
36
-76
1
-55
84
80
60
-73
-4
-96
-20
-24
-77
59
77
1
-75
13
-19
-53
-58
100
99
-44
-12
38
-75
15
-85
-100
-86
97
70
56
-87
38
36
-60
-68
61
49
85
87
41
-18
-66
-83
39
18
-89
46
-81
5
-18
68
52
-14
90
-87
-24
85
-33
39
71
-79
5
-97
-60
-7
-62
11
22
-31
-43
72
-63
34
68
-54
14
22
-16
-15
5
-41
-6
4
46
-11
-66
-69
-42
-6
-54
12
-59
-100
-93
76
-68
-72
8
-67
83
-9
57
100
-98
29
-75
-18
-37
-86
80
74
-98
-78
-54
-62
91
92
89
-3
-39
39
45
70
-56
74
43
66
36
45
-4
-92
43
51
-98
-76
86
76
69
63
0
-60
67
-30
-97
-24
-21
-32
-40
-49
-78
-1
-51
55
37
95
60
-85
-82
-15
-61
-25
-76
63
-25
-75
-73
30
50
-9
-88
29
98
-63
24
-61
-40
60
-98
49
-51
12
14
10
-38
4
91
94
81
-34
-98
12
-13
-39
-34
-65
75
-12
90
-1
86
-8
59
-70
-86
88
-8
-32
-48
79
-88
53
-95
-73
-35
-4
34
-17
97
58
95
-42
-24
22
-5
56
-37
-49
79
-65
88
-3
99
55
-36
-29
25
-11
68
92
18
78
-93
-76
48
95
-63
65
11
-67
-5
13
50
-57
-36
-29
76
-49
-94
-51
27
-46
-3
-48
10
68
-54
-51
-53
-25
25
-75
-25
-10
27
9
-24
-81
14
28
66
-39
-54
56
82
51
-89
-39
36
-34
78
31
26
42
29
-9
44
96
-81
-37
-79
11
-29
7
-56
-90
74
-84
91
-4
-58
13
65
34
47
-43
-44
82
95
53
74
68
-46
-63
-12
-24
-39
-50
41
27
-48
-74
69
-2
-14
-100
7
-19
-90
-53
-20
-34
45
71
27
-47
16
-75
77
19
76
39
88
-26
-70
-39
83
-21
17
74
-2
0
82
96
49
-52
-91
11
-37
-29
-19
25
86
-87
-63
-24
39
-75
-89
-62
-88
52
-12
75
-50
-98
-42
50
76
-77
-93
-20
-81
51
49
41
30
-7
73
-12
-63
-98
23
-32
-64
59
-98
84
60
-20
55
82
59
5
45
-7
13
34
-86
-32
-91
-79
-51
-51
-35
-1
-26
32
82
-62
-17
-59
38
-45
-64
-24
-50
22
13
-49
-85
-12
50
75
-12
-67
36
-25
90
72
85
42
97
84
1
61
-91
19
-65
-93
-46
-22
-60
-79
32
65
-16
-99
47
-20
-39
-52
-61
57
-98
-74
-27
-95
82
95
-24
48
38
-20
13
-44
95
53
40
-1
-60
49
65
-54
1
-61
-58
-73
-19
34
-64
100
29
83
-57
-70
-54
69
-65
49
11
-57
28
-24
-42
-76
-4
96
-73
16
-3
-63
-1
-29
-30
-73
12
71
0
-41
-88
14
99
10
35
87
-27
-81
91
50
-29
-63
-67
-65
-57
41
84
68
-33
93
-100
51
61
-81
19
-91
77
41
-86
-80
-19
13
34
32
-22
-66
-26
-66
-100
-64
46
-15
-97
-100
82
-27
53
79
53
45
89
20
-56
-90
43
15
4
9
79
-83
-10
30
-3
-57
-51
26
-86
90
-98
-82
-34
95
-63
27
85
-84
12
-40
60
83
-47
-59
27
85
82
-54
92
-21
-10
-18
0
-2
60
-92
-34
47
-20
-24
13
78
30
-41
18
-30
-46
61
-59
91
76
-5
-4
-12
-18
-59
-9
78
-73
-19
50
-96
-91
-27
-38
0
64
-97
-76
-21
56
-84
89
43
46
-100
37
8
-46
72
-82
-14
-24
66
-9
33
79
88
-89
75
55
-54
19
-63
-36
-66
-97
-3
70
42
80
-22
76
-83
-3
-65
70
7
92
86
5
-63
87
50
64
70
-44
-13
89
-93
-19
-84
-97
-15
26
61
-31
71
13
0
2
58
63
65
-7
45
-66
49
81
-92
-83
94
-11
43
63
100
-39
-76
32
-64
70
-38
81
75
-16
27
37
-19
13
7
-42
-18
99
78
24
75
43
58
-70
91
52
-50
-89
41
-1
56
3
-3
-3
80
-71
96
-62
46
18
-46
-21
-32
87
90
0
41
60
-22
79
-77
-34
-25
-92
14
32
-92
13
14
37
-92
-100
44
-37
-19
83
-8
-71
98
39
24
-69
-14
73
-2
10
65
68
-47
40
-71
66
51
79
-32
-31
-78
-64
56
-35
36
-70
1
-81
-43
68
84
44
-100
35
67
53
8
22
-55
31
-81
42
-16
79
-75
-53
-86
5
78
-7
64
9
13
-2
-3
-14
50
46
-93
-90
-3
-72
-28
3
-15
8
-99
4
15
37
0
-4
71
84
-6
75
-35
74
-53
-84
-25
27
55
-64
-50
14
29
83
86
38
78
78
68
-95
63
81
2
65
33
-24
-8
95
-71
40
60
18
-25
8
-77
-37
-93
-67
-6
-9
-54
55
-90
78
54
50
86
9
-65
76
-53
84
-56
-16
-64
-97
80
29
31
-92
-50
-88
57
-69
17
-9
81
89
6
16
85
-31
-37
44
29
-59
-99
61
4
34
43
43
68
30
-45
29
-41
-5
24
44
-55
-36
5
-43
96
85
1
100
-12
-88
-65
-10
-69
-23
9
66
-12
10
47
-33
98
10
-64
-41
-92
1
-28
38
-76
-16
70
-59
90
-100
75
62
66
-43
-4
65
34
89
-83
-37
-47
-66
27
0
89
0
-83
60
-39
-11
-35
-90
75
-55
-7
26
5
88
-37
28
8
56
-14
-73
61
-95
50
-22
-22
-16
74
-88
99
37
70
-4
-19
-66
60
94
-55
-11
44
11
35
-2
-85
-90
-15
-22
-21
-14
-72
-65
-89
-29
-62
45
-9
16
-74
-50
22
-16
93
56
-29
-97
-81
76
61
80
-33
20
-35
11
90
5
26
99
-28
24
-84
-97
-81
6
34
-57
0
-69
-98
-54
-79
54
-24
-50
25
57
68
97
70
33
-51
52
-41
-30
99
-16
31
-56
84
40
-62
81
44
-87
98
-74
-30
-67
-95
-70
-23
-73
-26
99
31
-93
-88
-79
-15
-78
82
19
-47
-50
-46
-68
-86
71
34
39
-38
7
-39
87
-58
-82
-6
-17
-30
-17
-35
-45
25
66
-67
-69
-94
-5
-78
82
-10
-87
-64
30
9
-87
-14
0
-42
-66
-99
-23
99
-23
50
-46
-12
-40
37
23
76
-9
42
25
-87
59
74
-62
-38
-72
2
76
59
8
79
-73
97
-93
32
37
98
-30
22
1
18
-73
59
47
27
65
-13
-75
-26
83
58
87
29
44
-65
-63
26
9
-87
22
-63
-16
83
32
87
-19
-50
38
96
5
-59
-53
-28
24
-88
-53
7
1
34
-59
5
14
78
14
99
-7
28
34
45
-95
9
-87
45
-50
-47
76
35
-55
-22
-70
57
-42
14
-16
23
-37
15
63
-89
29
-12
56
-42
-49
14
28
-97
-10
-21
56
81
58
52
77
85
76
21
98
10
82
34
-67
93
-90
11
-40
58
-27
7
53
-20
-91
23
-13
-76
28
100
-18
-27
74
89
3
80
-53
-76
60
79
3
83
-7
-23
-16
31
-15
75
-26
-26
-40
85
26
-9
45
17
20
-15
1
79
42
49
55
-52
-39
32
34
35
-76
-64
-41
-88
-1
-63
56
-100
54
-26
83
0
94
5
-66
-36
26
35
78
-30
42
-48
0
-99
-76
65
-38
60
38
-6
89
53
93
7
-74
-39
-15
-73
-57
11
79
6
-81
88
90
35
-41
19
-62
46
64
43
5
-22
-47
26
-86
64
-69
39
84
100
-16
100
-40
-21
5
93
31
89
69
-28
-54
-62
41
38
31
74
-78
-94
26
-22
86
12
17
-5
-6
38
-49
85
78
-50
30
62
-41
16
37
-7
-81
43
1
-87
-21
27
27
93
-87
-37
59
3
-87
-52
-91
69
76
-41
-48
34
61
52
79
34
20
18
3
-40
76
-88
-4
-36
27
59
-91
-80
-96
78
-92
69
-70
-28
-81
-80
99
-34
-7
33
53
-59
90
-72
-21
1
-71
16
11
69
-34
73
10
42
-96
-7
62
20
-72
64
-13
5
91
-99
-5
-100
-50
-57
57
67
9
13
10
-19
1
-88
99
80
29
-32
99
7
-40
61
-60
42
-86
-9
100
4
21
95
68
-89
-9
66
89
8
-38
68
-72
69
-11
-80
-27
-89
66
-11
-38
-37
-72
-74
81
-55
51
99
58
-80
21
6
-4
64
49
30
9
-72
81
-72
89
75
51
-66
42
-62
-81
19
98
81
22
-4
-18
53
-25
81
-28
50
94
37
-55
99
74
-38
11
81
13
84
-45
-93
96
-56
29
60
63
53
-12
49
55
68
83
4
6
-38
45
-42
-38
-99
60
-49
82
-87
-43
-8
-59
6
-26
-43
48
15
68
-79
40
-5
-32
43
-2
-25
22
18
-20
98
-32
-95
36
82
38
-39
86
-6
20
-98
-94
-45
-68
65
-86
-39
-61
-11
-33
90
83
33
-83
84
5
92
-44
85
59
67
89
20
20
43
-67
27
99
19
-73
-82
-3
-4
-99
29
84
-3
29
84
-88
-88
-98
91
-21
-25
65
95
67
86
100
-100
-90
12
89
-14
15
60
37
-15
51
12
21
25
-33
91
-93
-91
-31
71
50
-98
-7
-66
18
37
-54
-93
-99
60
32
-92
29
-59
-64
-3
26
-78
-10
-3
75
43
-25
70
92
62
-94
90
-19
65
3
34
98
-45
63
31
-36
-83
50
11
-63
90
-47
87
-56
22
-99
-83
-49
-9
-15
-20
-39
74
-19
-63
-99
76
88
24
20
35
52
-6
24
-25
-8
-99
36
-50
-34
-29
-12
76
-40
-23
-100
33
-45
-51
-84
79
-87
-9
-88
87
-36
-35
22
47
58
59
13
83
75
-49
-42
5
-31
-65
-25
15
91
-48
82
-58
-49
31
-51
98
86
57
-71
17
56
-50
92
2
-2
-18
30
-86
-94
-1
-46
58
-22
95
-24
-84
-92
-48
76
67
-57
-99
7
-75
-11
-7
48
53
-34
-51
75
86
-81
-35
22
-77
-26
-34
-54
-74
-97
-75
98
41
-81
-79
-9
81
-24
-10
-25
-41
69
44
-51
-59
-28
45
64
67
-72
-38
23
-81
-44
85
-81
-23
98
-10
-45
89
25
-2
42
-79
-92
-41
7
-52
-92
10
-92
88
-10
79
28
22
-89
59
-42
50
-49
22
2
33
12
-8
-84
78
56
-63
36
46
-89
98
-19
4
37
-92
67
75
-43
92
21
-38
0
-60
-100
25
42
74
-35
86
-50
48
-52
-86
40
-61
33
61
66
-26
96
-100
79
-12
35
62
36
-3
-16
59
51
-12
81
-20
98
-63
-50
-41
13
9
-92
-60
-27
29
88
96
69
51
39
-14
21
57
-85
86
43
-41
36
-34
-6
-49
-99
-23
7
24
92
-78
-21
60
-3
96
41
38
66
-48
32
89
45
-67
-33
-35
-65
23
6
74
-21
72
47
-16
-39
31
-97
75
79
-99
40
70
-88
-30
-3
-100
100
-12
-81
0
-33
47
-97
44
62
29
16
11
53
-53
-68
-26
24
-11
53
-25
28
22
-45
-46
-26
-40
-54
38
52
-72
79
-80
60
-43
84
-28
81
-79
-29
-89
65
13
55
-85
-87
46
30
-40
-4
-55
94
100
-13
-70
63
-2
-38
-100
-56
-50
51
-97
-44
92
10
48
-67
25
45
-21
-44
47
-18
4
-35
-77
37
-57
-55
-89
92
69
-63
-53
44
77
-59
-41
76
-73
-82
34
-74
78
31
8
7
19
-95
-30
7
-73
-30
33
39
-45
53
88
24
11
43
-19
78
100
32
-74
88
-93
75
-10
82
-52
76
-55
-27
50
42
20
-85
0
90
-10
-91
86
89
-46
3
61
72
-10
40
-83
34
-20
-40
42
73
73
65
69
89
-42
73
-29
-83
61
33
-18
65
-17
-60
-86
-12
-47
19
73
-6
75
-33
-4
5
83
-9
0
20
-63
-41
-43
-43
25
-83
-21
-99
44
9
-93
79
-18
4
-18
-20
81
77
-61
-42
79
-71
70
-60
-48
-12
-69
44
-73
23
-43
-99
-26
-53
-54
50
67
94
5
77
-7
13
38
48
-89
16
-82
58
87
80
-90
44
-72
93
15
-48
-17
-24
71
52
-10
60
-48
98
-83
-32
-65
48
20
-20
36
-64
-21
10
-26
-65
65
-100
-78
46
-35
-42
-97
-89
-7
10
-39
-35
-13
-27
-4
-30
22
-22
84
33
-94
41
73
-79
78
83
45
17
69
-93
-13
37
71
75
100
-5
-94
-78
10
32
3
4
-67
-83
36
50
-92
-68
16
-7
-37
-68
70
16
-48
9
-76
55
35
10
-81
14
10
43
-98
25
-45
57
81
-49
64
89
-61
53
9
37
97
-54
-93
89
37
35
6
-10
39
86
-86
2
7
84
4
-80
-16
48
99
-37
-40
30
30
-37
95
76
-14
-71
81
-46
31
-85
52
62
4
-50
-88
35
5
-45
-94
77
-53
-29
-99
8
39
-19
9
79
92
-96
-23
33
23
19
64
-58
-14
63
59
83
-59
32
38
91
-67
-95
12
-63
60
38
-58
71
42
29
87
-70
-60
-42
-60
-44
-94
9
-26
29
-38
57
-34
85
82
40
-56
85
-8
-81
5
-74
-10
-4
87
-43
-88
60
29
-74
-23
-77
70
61
-34
-39
-52
-3
48
-5
-78
-77
5
85
92
70
-42
-30
50
32
90
-36
74
65
-13
8
-85
-76
-87
-83
74
55
29
53
99
11
40
-33
79
-65
20
66
52
-19
71
-4
-90
61
-27
95
58
-71
-53
-84
-3
0
10
-95
40
49
-88
-77
66
83
37
-22
71
-57
-9
48
72
66
68
45
82
26
76
-26
82
30
9
68
-94
-69
92
77
2
-44
-84
12
-4
-33
64
57
4
31
92
-6
49
-8
-12
-37
-76
-48
13
-62
84
64
68
-53
-54
-76
-66
91
-54
65
-66
81
-14
-64
-28
92
-43
9
89
29
90
-80
-64
8
-42
-62
78
0
84
-59
-79
-95
-61
47
67
-24
23
-75
-6
-77
11
-69
-52
-75
-25
5
77
48
99
76
-62
-80
-5
-93
40
31
43
98
81
-75
-65
-84
-73
-72
-1
-48
11
50
61
-68
-57
77
-32
-52
-20
92
93
37
-27
75
-86
70
65
-52
-98
92
-91
-47
-81
70
80
-34
-72
26
-45
-16
87
-66
7
-76
-66
55
27
55
44
25
-22
-6
-17
-43
67
-27
-26
7
31
49
5
70
19
-30
-4
23
2
-100
66
66
44
0
-20
10
-4
-78
45
-70
-82
-87
-39
-31
17
-56
4
51
30
55
-84
-62
-10
50
39
41
54
-18
87
-80
87
-12
67
-79
54
13
38
-44
81
64
0
92
-61
34
-84
29
71
85
-81
-47
1
-45
9
96
100
-55
-39
45
63
61
13
67
92
1
7
-7
-53
-49
-7
96
18
75
-67
27
33
38
66
98
96
-74
79
-39
-46
-52
-75
-48
23
-56
54
83
71
-96
12
-59
56
-89
-13
-45
64
-58
-51
-88
-69
-44
-40
-34
88
95
-22
96
-16
22
48
-72
43
41
13
89
35
96
97
87
-65
-4
-61
17
62
-54
-28
-23
47
-4
-61
-86
-96
80
9
60
36
91
-96
50
6
92
50
62
15
32
58
-12
30
35
69
-71
-96
-19
55
-14
-2
-35
-42
-9
73
-24
50
-64
77
-56
-23
-28
-5
-2
-92
78
-39
-85
19
1
16
-34
70
8
-54
85
-71
90
-32
-80
74
85
49
62
-30
77
-17
80
25
76
8
42
-86
0
32
99
-75
63
77
-97
-68
-91
64
-79
94
-4
-96
24
-89
-93
-1
-37
49
-19
-27
93
69
-2
20
-75
-10
78
85
-41
-10
-23
49
8
-56
46
-77
19
-69
-3
-11
-44
5
-35
62
100
-29
71
-11
-16
-27
-99
-41
-10
-60
18
-83
37
32
41
-4
-39
0
44
-42
75
-10
40
-92
-69
-5
-24
72
13
-16
21
35
53
-90
76
-30
-33
-36
26
-5
-12
-50
37
81
-84
-71
49
-71
57
-14
17
-11
54
-47
44
-47
74
-72
-68
-18
59
-27
-45
-17
-18
-79
61
-18
-86
96
44
-21
83
58
64
8
10
-50
-89
-66
39
40
96
84
63
-95
-26
18
33
39
-1
9
-61
-40
-66
0
75
-19
-59
70
13
10
-40
-26
-13
-67
31
-16
-32
50
69
-96
55
1
86
-48
29
-52
-59
48
35
10
92
45
-3
63
59
-30
-84
6
-46
-12
-57
-13
41
76
-29
-40
-74
96
-11
-89
-100
-43
-42
-99
-80
52
91
-7
89
40
-18
-100
82
58
-52
14
-80
-61
87
-73
97
-69
-66
-29
17
80
8
85
-66
27
77
27
-16
-74
18
68
-47
-77
89
19
47
60
18
-76
-57
8
-37
29
74
-89
17
78
54
80
-41
-84
-25
-46
-9
17
9
65
-62
-84
30
-36
49
-57
-33
22
-17
-67
-86
65
-1
15
92
45
-95
-100
-50
27
15
-64
-38
73
-15
50
-63
47
-18
-84
-85
78
-24
-55
48
-82
54
-7
-63
87
67
5
-49
26
2
100
62
-94
6
94
-93
-22
97
-5
-49
16
-21
-7
42
91
50
50
-91
64
28
-90
56
-67
14
81
-79
83
-30
32
-95
-32
-64
67
-58
-74
54
-97
-7
90
44
-27
58
6
-100
-93
15
-72
41
-25
-25
87
1
-6
39
-26
-34
67
-1
-50
11
49
-83
-74
-15
-61
-51
-68
11
83
49
58
-7
-68
4
18
53
78
-25
71
-32
-4
-48
-32
-26
-1
56
-97
82
-52
71
48
0
-47
91
5
-91
-95
70
-28
42
-94
-11
96
-35
-61
-1
-37
53
-50
52
8
29
50
51
-96
93
-93
-34
25
-58
-69
-12
77
-100
-92
-59
88
88
98
-55
-61
18
35
57
-85
-70
-1
29
-78
-1
-16
-55
-15
-59
-40
37
99
-27
41
84
49
55
83
57
-96
49
6
16
65
4
5
32
-19
89
-59
-64
-36
-99
-22
-71
59
-26
-21
-68
15
67
-95
-66
-81
53
-80
66
-58
97
35
-35
81
22
2
-71
-86
81
90
46
50
-89
-52
-26
-59
-26
-38
-27
-62
-68
69
48
-76
-68
27
-84
80
-89
37
-23
58
-84
-69
-26
25
36
-71
-4
27
79
-98
-97
14
-17
76
70
73
76
86
-10
-71
76
6
-88
22
91
-77
69
-97
92
-73
-50
47
-76
-74
21
-99
-14
79
-63
-28
100
-78
21
-96
-52
3
24
15
82
58
-7
-65
-72
-48
91
-79
61
74
60
27
55
30
25
95
38
-64
33
-91
-23
-22
54
54
-49
-24
28
-74
-22
-29
-76
41
74
81
83
-23
-32
-91
18
-90
83
-85
30
56
80
21
-82
26
-31
-30
-29
-7
-21
-26
-88
7
-46
92
-72
5
96
-19
14
51
99
-20
-54
-74
47
-14
81
39
94
-31
-62
-35
46
-57
-77
-53
-81
-47
-26
31
-8
-69
27
-41
42
-78
-88
-88
-52
-54
77
-3
43
80
-14
16
-94
-16
-96
31
23
-49
-38
9
9
62
-20
-51
10
-46
100
-50
-20
14
-25
8
-27
-21
75
-86
51
16
37
-42
99
92
82
-80
-100
-55
-7
-18
99
-54
100
-83
47
82
-19
35
-84
24
-56
-20
-97
92
84
-53
-52
-26
69
-91
-7
87
-10
94
-9
73
-68
87
-77
42
30
46
-80
-15
43
95
94
-22
56
17
-65
40
22
100
-71
59
35
-36
63
-99
-52
92
-90
-10
39
38
-82
26
75
-29
-14
-33
-47
60
-32
-28
-13
-45
-70
44
-98
-59
-53
34
91
-96
30
-3
96
47
-12
-76
-53
-13
81
-97
-30
17
60
-81
85
92
-75
-7
20
38
72
55
72
-67
-63
82
56
-91
39
4
-1
36
-1
-52
87
-78
-15
41
77
34
-91
64
68
81
85
-4
45
-69
81
62
-28
6
-19
72
-20
-39
-56
-93
17
-50
-73
96
-73
76
18
1
-9
53
89
2
100
32
-100
-39
-51
21
-25
-8
47
69
-41
46
2
63
-63
22
-83
48
-88
-33
1
23
-80
-36
72
90
65
-39
24
-13
90
-92
-49
-93
-92
-84
-100
-5
-6
76
-40
55
-48
-85
68
-64
-56
14
51
46
-56
-88
67
-77
-43
75
-91
-74
74
-40
77
88
-62
-92
-16
81
-76
-76
4
-11
33
33
-65
52
-27
-96
82
82
-18
-22
79
-28
-16
-1
86
-73
-25
28
93
28
23
-20
-46
-81
-19
-22
-37
-22
-66
22
9
-51
82
50
-88
92
-1
-84
63
-85
-50
-34
-53
-1
-64
53
32
29
86
-39
50
3
-26
-36
79
-58
44
-33
-56
-66
39
-29
93
-77
-96
-29
-14
-61
95
22
-79
-45
42
88
79
-23
-89
52
-3
63
-58
-87
-75
-95
20
30
-66
94
89
29
21
90
-85
29
-3
25
-13
-76
-42
71
-86
24
-67
-64
80
-4
-68
-5
-30
65
-37
93
-34
97
67
-83
-26
74
83
28
15
-14
-85
-62
-96
47
35
-8
-3
-53
-50
27
22
-40
-84
86
-58
91
-5
-87
54
54
91
14
13
41
-56
-45
-46
37
72
-2
95
-10
-62
36
-93
-61
32
-13
-78
82
69
36
-67
-43
57
66
90
-1
-77
69
56
14
-77
-74
-26
-96
95
45
51
-24
-56
19
59
45
54
68
2
52
-100
33
-99
54
-79
100
81
35
19
29
-17
-59
70
93
-5
-3
-61
-11
-92
-19
-48
-78
14
-36
92
41
48
36
31
25
9
53
50
15
-21
-35
40
-7
-73
70
38
28
-81
42
-68
79
-75
-28
44
80
-98
51
55
49
-27
81
96
-3
96
4
-68
60
-80
-81
-35
71
-18
83
16
67
-25
-54
49
-74
23
-2
23
-63
85
19
-49
-64
-75
8
87
64
99
91
-50
16
-36
-46
-50
-95
-42
-1
-44
87
-64
-61
40
14
78
-57
47
-44
47
64
-88
-23
40
-19
-25
-66
57
57
-89
-10
-23
32
0
-36
-41
39
-97
-79
-94
47
0
-22
-25
89
12
30
-68
9
-44
71
-18
-2
-21
79
-99
74
-24
-34
-72
-95
60
28
-34
68
-55
21
-45
-44
38
-85
55
-52
6
85
-34
-40
57
47
61
78
-91
17
-17
-40
19
11
-83
53
-68
-81
25
-79
61
-9
48
-58
-5
74
-32
13
73
58
-93
46
5
63
-48
14
29
100
-15
-8
64
-49
76
-81
-16
-4
-71
84
-6
77
54
6
73
-33
76
27
9
32
14
92
-64
98
66
-34
76
44
-63
-13
-35
22
83
87
80
93
35
80
66
-36
-6
95
-16
-100
73
5
-21
-92
-39
-32
51
69
-16
-21
-18
-47
56
76
8
71
72
-24
-6
24
84
-15
100
61
65
36
-96
-93
-30
-48
11
-6
86
89
-88
-62
-72
94
76
-61
64
-18
-3
-4
-16
-53
71
-38
12
91
39
-39
18
-19
-62
81
85
47
18
-38
74
68
74
-33
-39
-23
82
-98
-17
-47
-75
-37
-98
20
-9
2
1
30
85
-59
66
24
57
-19
71
-49
69
37
-59
97
-94
20
-87
24
48
-81
-41
-65
87
77
77
-8
-72
-100
-100
-5
99
-89
-80
-51
-77
-87
-4
24
-89
-28
69
-72
-60
85
96
-99
29
-87
-53
55
-77
-13
-27
48
-89
-8
-37
-51
-69
10
-61
-57
-83
-93
-40
80
61
-2
-49
4
-52
-1
27
19
-47
-72
-43
-11
42
-9
-99
-83
-48
-89
-11
-16
74
-14
-39
-74
-63
-8
-24
-27
-57
-65
-56
-42
-63
57
-10
18
68
97
88
-72
-39
24
-96
36
60
50
-73
-40
-38
-62
97
-16
-42
84
1
-65
-70
-15
-97
-47
-83
-91
-71
49
-27
11
-12
-3
7
13
-78
88
47
75
2
36
-54
-89
7
-16
69
-28
-56
91
-37
-57
-70
16
-30
-66
-41
-17
-29
-48
34
-38
13
55
75
65
-20
27
-25
-31
-38
66
-29
-69
66
-15
30
64
-31
-5
16
8
-53
22
91
-96
77
-10
-35
46
-87
-40
71
-12
41
-32
46
-81
50
-85
-46
54
18
-35
2
10
78
14
6
44
42
-21
-89
-85
-78
24
60
16
-21
-66
-88
51
76
-91
-24
9
28
-71
66
-50
-97
29
-39
4
-20
67
70
-56
-39
65
-99
-16
39
-78
-11
100
-40
91
41
-70
-46
50
-62
39
-91
44
-8
-6
64
-7
96
88
87
15
-7
66
-58
25
70
23
-9
-43
-85
21
-99
-56
-87
-87
-14
60
34
-1
35
-15
-12
99
-93
13
74
-72
0
23
2
-90
-99
-24
58
44
-1
-18
14
25
1
70
-29
-46
-52
60
24
56
68
-77
20
45
80
-49
-9
-77
-55
-75
-46
11
-85
-65
-27
12
-73
-51
-7
71
29
7
23
-4
-63
-85
-69
22
-7
10
-63
32
79
-83
-57
32
29
43
17
-44
35
86
-20
-65
-93
-52
44
-1
-80
29
62
-16
-30
74
50
-97
-46
46
27
42
-67
50
-76
100
-90
40
-77
-81
-11
62
-60
-81
-74
-79
-55
-84
-62
-12
10
-55
-49
-13
45
69
48
17
88
-18
-20
38
43
81
-58
-63
21
11
-87
-43
-78
35
-49
68
-50
-94
-75
-46
-13
-37
45
-68
10
-88
-15
-31
-53
-68
43
73
-18
23
-48
84
95
-29
63
-63
33
-23
15
-28
-86
52
65
64
-68
-45
95
-87
50
12
-92
-3
0
-39
-72
97
82
-16
-57
-40
28
70
-39
-17
-60
-35
47
-1
18
-79
13
31
-83
-61
-75
89
-79
-75
45
1
87
-24
80
7
26
-42
70
-71
-44
-77
-99
-16
55
63
-27
2
-26
88
-49
49
23
56
90
55
-65
46
100
-56
54
4
12
-32
-60
-78
85
62
-44
-53
-35
-87
-46
6
-90
43
93
87
-76
90
-97
62
-91
63
-11
96
-85
18
25
-69
-8
39
46
57
-54
-67
-31
-83
-88
-20
-82
46
-16
14
39
-64
39
90
-65
-13
-37
69
-99
-40
-31
-71
74
-73
-86
73
-12
19
-42
83
-48
-87
22
-75
-5
-63
-3
7
42
-80
-32
60
-90
-15
-62
-93
-62
31
56
-25
47
96
60
-60
-82
-12
-6
-63
-17
21
44
-82
-23
-96
89
-70
-55
-58
79
-46
-90
-97
19
-38
60
45
65
74
-40
-58
-51
-29
1
-77
-70
37
48
85
-47
-80
31
-50
-17
-35
-25
88
-21
-45
-5
40
-93
72
-40
62
-21
71
58
60
-33
-68
19
-58
73
-8
40
90
-14
95
-61
15
-36
-27
-6
-5
89
28
76
36
-79
52
-63
-17
58
75
-37
-2
-5
96
-89
18
10
-55
7
-99
97
55
-63
46
56
-67
70
-1
73
-59
98
89
-42
-62
-14
76
-6
74
62
-45
-28
-72
-13
-70
59
-10
-21
-34
-35
92
33
-54
-95
-32
38
-68
22
60
-16
-88
-96
29
-64
8
43
-16
-34
-49
66
-78
-13
18
-76
-86
-72
46
-47
-49
-1
-2
43
-74
57
-61
-45
-4
-57
-22
19
-79
58
57
6
-95
-76
-65
-71
-97
-87
-77
-68
-3
98
13
69
-53
-98
-13
-9
-48
-82
4
-43
-65
39
93
55
23
-2
-2
5
-65
64
-34
58
42
78
25
-55
59
-4
89
23
-19
-17
-78
-83
97
97
-93
89
97
98
36
-97
18
46
-94
-92
44
18
79
48
-49
-7
-3
-45
57
0
-28
-70
80
11
31
81
21
79
66
46
-30
-71
-45
1
87
42
56
66
3
33
-5
31
20
59
89
52
56
82
-56
-44
-60
-9
-93
-23
-50
-42
-84
-46
-49
35
-88
-53
91
-2
62
17
62
38
95
65
26
68
17
25
63
86
53
-100
16
26
-33
-40
25
71
55
35
-53
-73
42
59
-79
67
-6
6
38
97
-51
-47
37
-85
-63
58
14
69
78
37
70
-1
54
-23
82
39
-10
18
66
-95
61
37
-58
98
-36
-49
-67
-43
-55
68
-8
-96
-27
-91
-90
-78
60
-13
8
-99
-96
7
48
56
-92
90
-52
63
-39
22
39
15
86
68
74
-59
-68
-16
8
41
55
2
56
48
-26
-24
-78
39
-30
-99
-85
-57
58
80
-26
-76
-7
-15
-14
-61
-38
11
-55
-79
35
-42
28
-35
17
45
9
5
12
97
-15
-62
21
7
-81
90
73
21
-78
99
6
-50
79
59
-71
-88
41
-76
-23
-23
87
22
-23
99
-94
-45
2
85
67
-35
36
-11
-16
83
57
-16
-23
-68
-86
-86
-32
-22
33
37
84
35
7
31
75
-99
18
-97
77
-6
-43
16
90
-59
-85
-21
74
50
35
-45
-29
78
50
-20
31
-95
-92
-26
31
69
-11
58
14
30
-5
81
99
-26
-79
-100
56
83
-54
58
-75
13
-34
53
82
-61
40
16
90
80
6
-23
55
-93
95
24
-47
49
-50
-6
62
68
-57
-92
-8
78
-65
18
83
-54
15
57
-98
-71
-76
85
85
45
65
51
83
-28
9
-32
67
-31
30
-58
-4
-11
24
-28
40
-63
18
-15
55
9
-100
72
4
-62
81
91
33
87
-41
-17
24
3
-93
-57
-10
-24
36
-45
-28
-63
9
-36
42
57
22
-28
66
-66
63
27
-60
45
18
-78
75
-26
89
47
74
-48
79
87
70
-19
-62
27
-90
-93
90
42
55
-40
93
31
83
90
-30
62
24
-67
-85
-94
51
-99
70
58
42
-61
-88
-9
-58
2
44
-91
-58
42
38
92
-69
-45
82
19
96
-62
5
84
-65
44
73
-13
-38
80
65
-20
-15
69
27
30
-57
-41
-2
32
-75
-84
-72
33
22
-28
-9
25
-35
73
69
21
13
-98
7
63
81
25
30
32
-32
-61
92
-52
8
45
88
-79
-77
-99
-93
85
26
-85
91
-92
-6
-40
-62
84
84
13
-13
-97
-68
-63
-41
83
-2
48
79
-2
62
39
51
13
81
-100
80
-72
-83
32
56
-93
70
90
-54
66
94
-33
35
-47
43
-64
-61
-72
39
85
62
91
76
-58
-64
-53
-38
27
98
5
59
-55
-63
80
-71
-74
-50
-2
-64
63
28
93
-46
72
95
96
-60
6
-82
5
-22
89
-50
54
-30
-58
-74
-38
44
72
-34
56
-2
-40
-74
-79
-49
-18
91
68
19
-67
-80
-56
78
-16
91
70
73
21
-83
-85
-4
-48
-96
23
42
-87
-27
38
-45
57
-11
-58
45
-54
70
-41
-57
-35
24
85
-27
-50
-40
19
-55
27
6
-69
-94
16
-36
-5
-5
-47
63
-46
90
-41
64
-98
-22
-43
-7
63
-26
-87
71
46
95
33
98
-48
42
-5
41
74
91
-86
45
77
-78
37
-87
-38
-47
-29
-26
-28
-91
-35
52
-37
-15
5
-38
52
11
-62
-76
71
1
-59
75
-51
94
-18
-85
-71
-92
-81
-86
-69
-91
60
58
54
63
-27
-5
-24
56
44
-78
-28
-12
1
39
-69
79
-96
5
-99
36
-66
63
15
-36
71
44
43
36
93
17
-66
-79
-80
54
-8
-85
76
39
-14
-47
11
-1
18
50
-91
-78
12
-97
93
-12
-43
-39
-81
-93
35
-47
84
74
47
78
96
-21
31
-25
-11
-9
94
73
-11
34
90
73
-17
60
6
-24
-32
-2
-3
-41
85
96
55
91
94
79
18
-30
-91
-100
49
81
-31
-3
-66
-100
-76
46
-6
-49
35
-57
-21
-9
-11
58
-44
-72
-55
-26
-96
-56
19
100
-60
33
-21
99
-85
-89
15
28
45
-78
17
-22
34
-54
-23
46
61
21
-67
1
32
2
65
-67
100
-94
-62
-30
-82
66
24
-93
55
72
49
-58
-26
91
-65
-17
-4
50
-2
9
-56
35
17
20
-1
48
-23
100
58
49
-23
-75
60
86
-3
37
-66
-58
-17
48
60
-99
-73
78
10
-53
-52
-10
-76
60
-67
32
61
-13
56
-28
46
-39
4
87
-75
-100
52
-63
-44
55
76
21
56
-95
-29
-84
-26
-96
-95
58
58
-51
-24
7
-5
41
-85
-5
16
5
-16
41
93
-86
-65
41
25
-27
81
81
79
48
84
-26
-61
76
-65
-68
-18
-4
16
-34
64
26
-76
78
-8
16
-75
85
34
3
66
39
32
-25
5
38
-30
90
33
11
43
34
-68
19
54
42
-38
-43
-44
33
-20
-74
46
58
-100
95
-45
-92
-76
-25
18
-86
41
72
-72
8
-36
17
50
49
-89
6
67
22
63
43
100
-17
-63
38
-67
37
-50
66
-93
-62
-52
-46
99
-65
-16
-67
-24
-79
96
75
-92
66
97
-3
19
-74
84
-96
-54
-5
75
79
-71
85
-61
-4
39
81
34
-90
6
-91
-9
-16
-4
9
-89
36
-15
6
96
-70
59
-5
-62
97
-24
8
72
30
-95
61
-40
-9
23
-40
-7
24
19
-95
-7
33
38
-69
64
23
77
-99
63
-98
64
100
46
88
90
44
44
69
-68
72
93
21
-41
25
39
97
-72
-18
-12
24
-65
-53
-12
-10
3
79
59
-98
72
21
11
-97
-18
-54
-77
34
51
26
73
67
-19
84
-11
29
24
-49
22
-75
61
-88
10
51
-53
70
-37
-93
93
-62
-87
60
-35
-58
89
88
-77
22
10
-28
-92
8
-33
22
-6
18
-54
-51
57
18
64
9
13
-95
-8
18
-9
-21
-52
52
-68
-27
-78
64
80
-20
93
-8
-93
51
97
-95
-90
-98
50
30
36
-4
-26
-80
56
-95
7
66
-94
33
7
33
9
-82
70
49
0
19
52
-80
89
70
16
-24
-90
-99
-84
-90
23
23
-75
80
-37
-66
-19
-77
82
-86
65
21
16
60
68
-37
-60
-23
34
-9
-92
-52
66
-91
100
-68
-63
47
-4
-27
-29
-58
-20
39
20
-49
-63
-32
-97
-14
53
95
80
10
-47
24
-16
-62
-62
34
-7
59
78
89
-8
-3
-38
22
-53
71
58
-15
-48
-10
19
-76
78
74
89
-2
23
24
-7
-24
79
56
99
-69
33
-28
-57
-71
91
93
13
21
91
63
38
55
-67
18
68
-24
-71
-22
21
-87
-84
-99
69
26
100
7
-5
-70
86
-70
75
-60
-69
86
50
-2
4
-89
27
77
11
-3
99
-28
-83
64
85
-21
-82
81
