100
302 475 100
362 32 100
663 183 100
169 624 100
636 672 100
34 586 100
548 558 100
646 70 100
646 447 100
515 182 100
228 280 100
206 444 100
477 267 100
379 452 100
33 500 100
60 398 100
164 592 100
85 216 100
307 495 100
562 544 100
347 257 100
274 208 100
423 291 100
537 451 100
32 169 100
217 307 100
14 456 100
165 263 100
6 64 100
342 595 100
399 109 100
286 37 100
73 251 100
506 564 100
571 703 100
532 484 100
671 418 100
433 614 100
63 269 100
45 364 100
482 233 100
710 257 100
459 129 100
193 524 100
445 339 100
203 456 100
143 505 100
389 77 100
704 305 100
372 36 100
0 375 100
508 649 100
379 51 100
602 556 100
592 654 100
124 246 100
423 626 100
320 192 100
201 232 100
442 114 100
338 186 100
626 691 100
321 118 100
315 261 100
652 523 100
45 335 100
467 593 100
48 83 100
572 405 100
484 544 100
608 367 100
129 285 100
155 579 100
263 60 100
394 457 100
590 57 100
470 165 100
485 569 100
98 183 100
248 453 100
684 13 100
14 72 100
70 374 100
462 310 100
656 401 100
229 465 100
492 649 100
188 161 100
288 33 100
544 549 100
702 621 100
682 425 100
95 217 100
687 302 100
685 354 100
155 257 100
123 610 100
78 134 100
710 634 100
581 665 100

1440