100
667 269 68
1272 241 18
1107 52 7
1064 250 27
158 240 49
743 243 20
874 279 96
45 201 1
195 136 3
1004 104 10
1288 143 77
1008 216 23
203 187 86
97 100 8
1242 249 6
371 175 54
1083 164 4
1192 97 60
1050 1 11
8 85 92
1156 293 38
1251 24 47
120 83 81
1365 23 67
282 33 98
722 285 51
116 17 51
711 291 51
1103 117 8
474 99 34
228 300 95
1423 226 2
428 166 100
317 119 75
74 152 77
662 60 98
682 10 100
1177 96 46
513 66 16
1282 110 86
46 132 51
959 285 14
931 251 58
1201 126 23
1032 218 4
1016 132 2
411 66 95
507 124 74
1153 138 4
966 280 69
780 195 85
1320 169 16
1386 222 97
1214 161 47
641 286 54
372 90 76
248 68 8
787 30 12
1357 89 22
36 70 67
1333 32 36
1267 57 44
656 131 8
891 134 63
1057 262 87
464 169 14
1086 169 2
939 61 96
233 140 42
163 23 30
392 1 53
238 33 3
1335 128 4
972 142 61
718 170 38
1438 10 54
988 184 86
1099 263 81
1413 209 15
860 250 85
17 120 57
864 4 70
979 78 28
1417 263 93
1266 76 27
1238 76 82
1405 101 49
994 212 26
784 54 59
161 119 64
793 85 82
120 256 91
280 223 77
213 277 10
875 26 24
1109 283 73
9 21 75
758 293 66
687 298 99
877 140 72
1440
