c Autor: Mikel Dalmau
c Grafo no dirigido
c Formato del fichero: En la línea 6 dos enteros positivo N y A indicando cantidad de Nodos y Aristas
c                      Seguido A líneas con tres enteros positivos definiendo cada arista del grafo y su peso 
c      
50 122
0 1 8
0 2 5
0 3 7
0 4 2
0 5 6
0 8 8
0 12 5
0 14 3
0 16 7
0 18 6
1 2 3
1 3 2
1 4 4
1 17 8
1 14 2
1 10 18
1 19 4
2 19 7
2 13 2
2 8 6
2 6 12
2 7 9
2 16 4
2 3 1
2 4 2
2 43 6
3 48 12
3 5 4
3 4 2
4 5 6
4 9 12
4 12 5
5 7 2
5 8 9
5 15 3
5 18 11
6 13 15
6 15 9
6 18 5
6 17 3
7 17 4
7 8 5
7 15 2
7 18 13
7 12 6
8 13 8
8 18 9
8 16 2
9 11 6
9 32 1
9 34 5
9 36 23
9 30 22
10 19 5 
10 14 5
10 17 4
10 11 5
11 12 4
12 15 2
12 17 5
12 22 5
12 21 6
13 20 3
13 21 5
13 23 12
14 20 4
14 22 9
14 27 3
14 41 6
14 44 9
14 46 18
14 48 13
14 16 3
14 19 3
15 18 4
15 25 6
16 25 3
16 27 9
16 22 3
16 21 7
16 28 4
18 29 5
19 29 4
20 29 5
20 23 5
20 25 4
21 26 4
21 23 12
22 25 1
22 23 5
22 30 6
24 30 5
24 29 5
25 30 6
25 29 12
25 27 23
26 30 12
26 28 3
28 29 21
28 31 11
28 33 9
28 35 12
28 37 11
28 39 7   
29 30 8
29 40 7
32 42 6
32 43 8
32 44 18
33 45 12
33 46 23
34 47 11
34 48 12
34 49 1
35 36 4
35 39 12
36 41 3
37 42 9
39 47 12
45 46 12
44 49 23
42 43 2

